OcutimeStamp,UnityTimeStamp,LeftCollide,RightCollide,CombCollide
1758517,63781144627280,None,None,None
1758534,63781144627291,None,None,None
1758542,63781144627302,None,None,None
1758551,63781144627313,None,None,None
1758567,63781144627325,None,None,None
1758576,63781144627335,None,None,None
1758584,63781144627346,None,None,None
1758601,63781144627357,None,None,None
1758609,63781144627368,None,None,None
1758617,63781144627379,None,None,None
1758634,63781144627393,None,None,None
1758642,63781144627402,None,None,None
1758651,63781144627413,None,None,None
1758667,63781144627425,None,None,None
1758676,63781144627435,None,None,None
1758684,63781144627446,None,None,None
1758701,63781144627457,None,None,None
1758709,63781144627468,None,None,None
1758717,63781144627479,None,None,None
1758734,63781144627490,None,None,None
1758742,63781144627501,None,None,None
1758751,63781144627513,None,None,None
1758767,63781144627524,None,None,None
1758776,63781144627535,None,None,None
1758784,63781144627546,None,None,None
1758801,63781144627557,None,None,None
1758809,63781144627568,None,None,None
1758817,63781144627580,None,None,None
1758834,63781144627590,None,None,None
1758842,63781144627602,None,None,None
1758851,63781144627613,None,None,None
1758867,63781144627624,None,None,None
1758876,63781144627635,None,None,None
1758884,63781144627646,None,None,None
1758901,63781144627657,None,None,None
1758909,63781144627669,None,None,None
1758917,63781144627679,None,None,None
1758934,63781144627690,None,None,None
1758942,63781144627701,None,None,None
1758951,63781144627712,None,None,None
1758967,63781144627724,None,None,None
1758976,63781144627735,None,None,None
1758984,63781144627746,None,None,None
1759001,63781144627757,None,None,None
1759009,63781144627768,None,None,None
1759017,63781144627779,None,None,None
1759034,63781144627790,None,None,None
1759042,63781144627801,None,None,None
1759051,63781144627812,None,None,None
1759067,63781144627824,None,None,None
1759076,63781144627835,None,None,None
1759084,63781144627846,None,None,None
1759101,63781144627857,None,None,None
1759109,63781144627868,None,None,None
1759117,63781144627879,None,None,None
1759134,63781144627890,None,None,None
1759142,63781144627901,None,None,None
1759151,63781144627912,None,None,None
1759167,63781144627924,None,None,None
1759176,63781144627935,None,None,None
1759184,63781144627946,None,None,None
1759201,63781144627957,None,None,None
1759209,63781144627968,None,None,None
1759217,63781144627979,None,None,None
1759234,63781144627990,None,None,None
1759242,63781144628001,None,None,None
1759251,63781144628013,None,None,None
1759267,63781144628024,None,None,None
1759276,63781144628034,None,None,None
1759284,63781144628046,None,None,None
1759301,63781144628056,None,None,None
1759309,63781144628068,None,None,None
1759317,63781144628079,None,None,None
1759334,63781144628090,None,None,None
1759342,63781144628101,None,None,None
1759351,63781144628112,None,None,None
1759367,63781144628124,None,None,None
1759376,63781144628135,None,None,None
1759384,63781144628146,None,None,None
1759401,63781144628157,None,None,None
1759409,63781144628168,None,None,None
1759417,63781144628179,None,None,None
1759434,63781144628190,None,None,None
1759442,63781144628201,None,None,None
1759451,63781144628212,None,None,None
1759467,63781144628224,None,None,None
1759476,63781144628234,None,None,None
1759484,63781144628246,None,None,None
1759501,63781144628256,None,None,None
1759509,63781144628268,None,None,None
1759517,63781144628279,None,None,None
1759534,63781144628291,None,None,None
1759542,63781144628301,None,None,None
1759551,63781144628312,None,None,None
1759567,63781144628323,None,None,None
1759575,63781144628334,None,None,None
1759584,63781144628345,None,None,None
1759600,63781144628357,None,None,None
1759609,63781144628367,None,None,None
1759617,63781144628379,None,None,None
1759634,63781144628390,None,None,None
1759642,63781144628401,None,None,None
1759650,63781144628412,None,None,None
1759667,63781144628423,None,None,None
1759675,63781144628434,None,None,None
1759684,63781144628445,None,None,None
1759700,63781144628456,None,None,None
1759709,63781144628467,None,None,None
1759717,63781144628479,None,None,None
1759734,63781144628490,None,None,None
1759742,63781144628501,None,None,None
1759750,63781144628512,None,None,None
1759767,63781144628523,None,None,None
1759775,63781144628534,None,None,None
1759784,63781144628545,None,None,None
1759800,63781144628557,None,None,None
1759809,63781144628567,None,None,None
1759817,63781144628579,None,None,None
1759834,63781144628590,None,None,None
1759842,63781144628601,None,None,None
1759850,63781144628612,None,None,None
1759867,63781144628624,None,None,None
1759875,63781144628634,None,None,None
1759884,63781144628645,None,None,None
1759900,63781144628656,None,None,None
1759909,63781144628668,None,None,None
1759917,63781144628678,None,None,None
1759934,63781144628690,None,None,None
1759942,63781144628701,None,None,None
1759950,63781144628712,None,None,None
1759967,63781144628723,None,None,None
1759975,63781144628734,None,None,None
1759984,63781144628745,None,None,None
1760009,63781144628767,None,None,None
1760017,63781144628772,None,None,None
1760017,63781144628778,None,None,None
1760025,63781144628784,None,None,None
1760034,63781144628796,None,None,None
1760050,63781144628807,None,None,None
1760059,63781144628818,None,None,None
1760067,63781144628829,None,None,None
1760084,63781144628840,None,None,None
1760092,63781144628851,None,None,None
1760100,63781144628862,None,None,None
1760117,63781144628873,None,None,None
1760125,63781144628884,None,None,None
1760134,63781144628896,None,None,None
1760150,63781144628907,None,None,None
1760159,63781144628918,None,None,None
1760167,63781144628929,None,None,None
1760184,63781144628940,None,None,None
1760192,63781144628951,None,None,None
1760200,63781144628962,None,None,None
1760217,63781144628973,None,None,None
1760225,63781144628984,None,None,None
1760234,63781144628995,None,None,None
1760250,63781144629006,None,None,None
1760259,63781144629019,None,None,None
1760267,63781144629030,None,None,None
1760284,63781144629042,None,None,None
1760292,63781144629052,None,None,None
1760300,63781144629063,None,None,None
1760317,63781144629074,None,None,None
1760325,63781144629085,None,None,None
1760334,63781144629096,None,None,None
1760350,63781144629107,None,None,None
1760359,63781144629119,None,None,None
1760375,63781144629130,None,None,None
1760384,63781144629141,None,None,None
1760392,63781144629152,None,None,None
1760400,63781144629163,None,None,None
1760417,63781144629174,None,None,None
1760425,63781144629185,None,None,None
1760434,63781144629196,None,None,None
1760450,63781144629207,None,None,None
1760459,63781144629219,None,None,None
1760467,63781144629230,None,None,None
1760484,63781144629242,None,None,None
1760492,63781144629253,None,None,None
1760509,63781144629264,None,None,None
1760517,63781144629276,None,None,None
1760525,63781144629287,None,None,None
1760542,63781144629299,None,None,None
1760550,63781144629310,None,None,None
1760559,63781144629321,None,None,None
1760575,63781144629333,None,None,None
1760584,63781144629344,None,None,None
1760600,63781144629356,None,None,None
1760609,63781144629368,None,None,None
1760617,63781144629379,None,None,None
1760634,63781144629390,None,None,None
1760642,63781144629401,None,None,None
1760650,63781144629413,None,None,None
1760667,63781144629424,None,None,None
1760675,63781144629435,None,None,None
1760684,63781144629446,None,None,None
1760700,63781144629457,None,None,None
1760709,63781144629468,None,None,None
1760717,63781144629479,None,None,None
1760734,63781144629490,None,None,None
1760742,63781144629501,None,None,None
1760750,63781144629513,None,None,None
1760767,63781144629524,None,None,None
1760775,63781144629535,None,None,None
1760784,63781144629546,None,None,None
1760800,63781144629557,None,None,None
1760809,63781144629568,None,None,None
1760817,63781144629579,None,None,None
1760834,63781144629590,None,None,None
1760842,63781144629601,None,None,None
1760850,63781144629612,None,None,None
1760867,63781144629624,None,None,None
1760875,63781144629635,None,None,None
1760884,63781144629645,None,None,None
1760900,63781144629657,None,None,None
1760909,63781144629668,None,None,None
1760917,63781144629679,None,None,None
1760934,63781144629690,None,None,None
1760942,63781144629701,None,None,None
1760950,63781144629712,None,None,None
1760967,63781144629723,None,None,None
1760975,63781144629735,None,None,None
1760984,63781144629746,None,None,None
1761000,63781144629758,None,None,None
1761009,63781144629768,None,None,None
1761017,63781144629779,None,None,None
1761034,63781144629790,None,None,None
1761042,63781144629801,None,None,None
1761050,63781144629812,None,None,None
1761067,63781144629824,None,None,None
1761075,63781144629834,None,None,None
1761084,63781144629846,None,None,None
1761100,63781144629856,None,None,None
1761108,63781144629868,None,None,None
1761117,63781144629879,None,None,None
1761133,63781144629890,None,None,None
1761142,63781144629901,None,None,None
1761150,63781144629912,None,None,None
1761167,63781144629923,None,None,None
1761175,63781144629934,None,None,None
1761183,63781144629946,None,None,None
1761200,63781144629957,None,None,None
1761208,63781144629968,None,None,None
1761217,63781144629979,None,None,None
1761233,63781144629990,None,None,None
1761242,63781144630001,None,None,None
1761250,63781144630012,None,None,None
1761267,63781144630023,None,None,None
1761275,63781144630034,None,None,None
1761283,63781144630046,None,None,None
1761300,63781144630056,None,None,None
1761308,63781144630068,None,None,None
1761317,63781144630079,None,None,None
1761333,63781144630090,None,None,None
1761342,63781144630101,None,None,None
1761350,63781144630112,None,None,None
1761367,63781144630123,None,None,None
1761375,63781144630134,None,None,None
1761383,63781144630146,None,None,None
1761400,63781144630156,None,None,None
1761408,63781144630168,None,None,None
1761416,63781144630179,None,None,None
1761433,63781144630190,None,None,None
1761441,63781144630201,None,None,None
1761450,63781144630212,None,None,None
1761466,63781144630224,None,None,None
1761475,63781144630234,None,None,None
1761483,63781144630246,None,None,None
1761500,63781144630256,None,None,None
1761508,63781144630268,None,None,None
1761516,63781144630279,None,None,None
1761533,63781144630290,None,None,None
1761541,63781144630301,None,None,None
1761550,63781144630312,None,None,None
1761566,63781144630324,None,None,None
1761575,63781144630334,None,None,None
1761583,63781144630345,None,None,None
1761600,63781144630356,None,None,None
1761608,63781144630367,None,None,None
1761616,63781144630379,None,None,None
1761633,63781144630389,None,None,None
1761641,63781144630401,None,None,None
1761650,63781144630412,None,None,None
1761666,63781144630424,None,None,None
1761675,63781144630434,None,None,None
1761683,63781144630445,None,None,None
1761700,63781144630456,None,None,None
1761708,63781144630467,None,None,None
1761716,63781144630478,None,None,None
1761733,63781144630490,None,None,None
1761741,63781144630501,None,None,None
1761750,63781144630512,None,None,None
1761766,63781144630523,None,None,None
1761775,63781144630534,None,None,None
1761783,63781144630545,None,None,None
1761800,63781144630556,None,None,None
1761808,63781144630567,None,None,None
1761816,63781144630578,None,None,None
1761833,63781144630589,None,None,None
1761841,63781144630601,None,None,None
1761850,63781144630612,None,None,None
1761866,63781144630623,None,None,None
1761875,63781144630634,None,None,None
1761883,63781144630645,None,None,None
1761900,63781144630656,None,None,None
1761908,63781144630667,None,None,None
1761916,63781144630679,None,None,None
1761933,63781144630690,None,None,None
1761941,63781144630701,None,None,None
1761950,63781144630712,None,None,None
1761966,63781144630723,None,None,None
1761975,63781144630734,None,None,None
1761983,63781144630745,None,None,None
1762000,63781144630756,None,None,None
1762008,63781144630768,None,None,None
1762016,63781144630779,None,None,None
1762033,63781144630789,None,None,None
1762041,63781144630800,None,None,None
1762050,63781144630811,None,None,None
1762066,63781144630823,None,None,None
1762075,63781144630834,None,None,None
1762083,63781144630845,None,None,None
1762100,63781144630856,None,None,None
1762108,63781144630868,None,None,None
1762116,63781144630878,None,None,None
1762133,63781144630889,None,None,None
1762141,63781144630900,None,None,None
1762150,63781144630911,None,None,None
1762166,63781144630923,None,None,None
1762175,63781144630934,None,None,None
1762183,63781144630945,None,None,None
1762200,63781144630956,None,None,None
1762208,63781144630967,None,None,None
1762216,63781144630978,None,None,None
1762233,63781144630989,None,None,None
1762241,63781144631001,None,None,None
1762250,63781144631011,None,None,None
1762266,63781144631023,None,None,None
1762275,63781144631034,None,None,None
1762283,63781144631045,None,None,None
1762300,63781144631056,None,None,None
1762308,63781144631067,None,None,None
1762316,63781144631078,None,None,None
1762333,63781144631089,None,None,None
1762341,63781144631100,None,None,None
1762350,63781144631112,None,None,None
1762366,63781144631122,None,None,None
1762375,63781144631133,None,None,None
1762383,63781144631145,None,None,None
1762400,63781144631156,None,None,None
1762408,63781144631167,None,None,None
1762416,63781144631178,None,None,None
1762433,63781144631189,None,None,None
1762441,63781144631200,None,None,None
1762450,63781144631211,None,None,None
1762466,63781144631223,None,None,None
1762475,63781144631234,None,None,None
1762483,63781144631245,None,None,None
1762500,63781144631256,None,None,None
1762508,63781144631267,None,None,None
1762516,63781144631278,None,None,None
1762533,63781144631289,None,None,None
1762541,63781144631300,None,None,None
1762550,63781144631312,None,None,None
1762566,63781144631322,None,None,None
1762575,63781144631333,None,None,None
1762583,63781144631345,None,None,None
1762600,63781144631356,None,None,None
1762608,63781144631367,None,None,None
1762616,63781144631378,None,None,None
1762633,63781144631390,None,None,None
1762641,63781144631400,None,None,None
1762650,63781144631411,None,None,None
1762666,63781144631422,None,None,None
1762675,63781144631433,None,None,None
1762683,63781144631444,None,None,None
1762700,63781144631456,None,None,None
1762708,63781144631467,None,None,None
1762716,63781144631478,None,None,None
1762733,63781144631489,None,None,None
1762741,63781144631500,None,None,None
1762750,63781144631511,None,None,None
1762766,63781144631523,None,None,None
1762775,63781144631533,None,None,None
1762783,63781144631544,None,None,None
1762791,63781144631555,None,None,None
1762808,63781144631566,None,None,None
1762816,63781144631578,None,None,None
1762833,63781144631589,None,None,None
1762841,63781144631599,None,None,None
1762850,63781144631610,None,None,None
1762866,63781144631622,None,None,None
1762875,63781144631633,None,None,None
1762883,63781144631644,None,None,None
1762900,63781144631656,None,None,None
1762908,63781144631666,None,None,None
1762916,63781144631677,None,None,None
1762933,63781144631688,None,None,None
1762941,63781144631699,None,None,None
1762950,63781144631711,None,None,None
1762966,63781144631722,None,None,None
1762975,63781144631734,None,None,None
1762983,63781144631745,None,None,None
1763000,63781144631756,None,None,None
1763008,63781144631767,None,None,None
1763016,63781144631778,None,None,None
1763033,63781144631789,None,None,None
1763041,63781144631801,None,None,None
1763050,63781144631811,None,None,None
1763066,63781144631822,None,None,None
1763075,63781144631834,None,None,None
1763083,63781144631845,None,None,None
1763100,63781144631856,None,None,None
1763108,63781144631867,None,None,None
1763116,63781144631878,None,None,None
1763133,63781144631889,None,None,None
1763141,63781144631900,None,None,None
1763150,63781144631911,None,None,None
1763166,63781144631922,None,None,None
1763175,63781144631934,None,None,None
1763183,63781144631944,None,None,None
1763200,63781144631956,None,None,None
1763208,63781144631967,None,None,None
1763216,63781144631978,None,None,None
1763233,63781144631989,None,None,None
1763241,63781144632000,None,None,None
1763250,63781144632011,None,None,None
1763266,63781144632022,None,None,None
1763274,63781144632033,None,None,None
1763283,63781144632044,None,None,None
1763299,63781144632055,None,None,None
1763308,63781144632067,None,None,None
1763316,63781144632078,None,None,None
1763333,63781144632089,None,None,None
1763341,63781144632100,None,None,None
1763349,63781144632111,None,None,None
1763366,63781144632123,None,None,None
1763374,63781144632134,None,None,None
1763383,63781144632145,None,None,None
1763399,63781144632156,None,None,None
1763408,63781144632167,None,None,None
1763416,63781144632178,None,None,None
1763433,63781144632189,None,None,None
1763441,63781144632200,None,None,None
1763449,63781144632211,None,None,None
1763466,63781144632223,None,None,None
1763474,63781144632233,None,None,None
1763483,63781144632245,None,None,None
1763499,63781144632255,None,None,None
1763508,63781144632267,None,None,None
1763516,63781144632278,None,None,None
1763533,63781144632289,None,None,None
1763541,63781144632300,None,None,None
1763549,63781144632311,None,None,None
1763566,63781144632322,None,None,None
1763574,63781144632333,None,None,None
1763583,63781144632344,None,None,None
1763599,63781144632355,None,None,None
1763608,63781144632366,None,None,None
1763616,63781144632378,None,None,None
1763633,63781144632388,None,None,None
1763641,63781144632400,None,None,None
1763650,63781144632411,None,None,None
1763666,63781144632422,None,None,None
1763675,63781144632433,None,None,None
1763683,63781144632444,None,None,None
1763700,63781144632455,None,None,None
1763708,63781144632466,None,None,None
1763716,63781144632477,None,None,None
1763733,63781144632489,None,None,None
1763741,63781144632500,None,None,None
1763749,63781144632511,None,None,None
1763766,63781144632522,None,None,None
1763783,63781144632538,None,None,None
1763783,63781144632544,None,None,None
1763791,63781144632552,None,None,None
1763808,63781144632563,None,None,None
1763816,63781144632574,None,None,None
1763824,63781144632585,None,None,None
1763841,63781144632596,Notruf_nach-links,None,None
1763849,63781144632607,None,None,None
1763858,63781144632618,None,None,Notruf_nach-links
1763874,63781144632630,None,None,None
1763883,63781144632641,None,None,None
1763891,63781144632652,None,None,Notruf_nach-links
1763908,63781144632663,None,None,Notruf_nach-links
1763916,63781144632674,None,None,Notruf_nach-links
1763924,63781144632685,None,None,Notruf_nach-links
1763941,63781144632696,None,None,Notruf_nach-links
1763949,63781144632707,None,Notruf_nach-links,Notruf_nach-links
1763958,63781144632719,None,None,Notruf_nach-links
1763974,63781144632730,None,None,Notruf_nach-links
1763983,63781144632741,None,None,Notruf_nach-links
1763991,63781144632752,None,None,Notruf_nach-links
1764008,63781144632763,None,None,Notruf_nach-links
1764016,63781144632774,None,None,Notruf_nach-links
1764024,63781144632785,None,None,Notruf_nach-links
1764041,63781144632796,Notruf_nach-links,Notruf_nach-links,Notruf_nach-links
1764049,63781144632807,Notruf_nach-links,None,None
1764058,63781144632818,None,None,None
1764074,63781144632830,None,None,None
1764083,63781144632840,None,None,None
1764091,63781144632852,None,None,None
1764108,63781144632863,None,None,None
1764116,63781144632874,None,None,None
1764124,63781144632885,None,None,None
1764141,63781144632896,None,None,None
1764149,63781144632908,None,None,None
1764158,63781144632919,None,None,None
1764174,63781144632930,None,None,None
1764183,63781144632941,None,None,None
1764191,63781144632953,None,None,None
1764208,63781144632964,None,None,None
1764216,63781144632975,None,None,None
1764224,63781144632987,None,None,None
1764241,63781144632998,None,None,None
1764249,63781144633009,None,None,None
1764266,63781144633021,None,None,None
1764274,63781144633032,None,None,None
1764283,63781144633043,None,None,None
1764299,63781144633054,None,None,None
1764308,63781144633066,None,None,None
1764316,63781144633077,None,None,None
1764333,63781144633088,None,None,None
1764341,63781144633099,None,None,None
1764349,63781144633110,None,None,None
1764366,63781144633121,None,None,None
1764374,63781144633133,None,None,None
1764383,63781144633144,None,None,None
1764399,63781144633155,None,None,None
1764408,63781144633166,None,None,None
1764416,63781144633178,None,None,None
1764433,63781144633188,None,None,None
1764441,63781144633199,None,None,None
1764449,63781144633210,None,None,None
1764466,63781144633222,None,None,None
1764474,63781144633233,None,None,None
1764483,63781144633244,None,None,None
1764499,63781144633255,None,None,None
1764508,63781144633266,None,None,None
1764516,63781144633277,None,None,None
1764533,63781144633288,None,None,None
1764541,63781144633299,None,None,None
1764549,63781144633310,None,None,None
1764566,63781144633321,None,None,None
1764574,63781144633333,None,None,None
1764583,63781144633344,None,None,None
1764599,63781144633355,None,None,None
1764608,63781144633366,None,None,None
1764616,63781144633377,None,None,None
1764633,63781144633388,None,None,None
1764641,63781144633399,None,None,None
1764649,63781144633411,None,None,None
1764666,63781144633421,None,None,None
1764674,63781144633433,None,None,None
1764683,63781144633444,None,None,None
1764699,63781144633455,None,None,None
1764708,63781144633466,None,None,None
1764716,63781144633477,None,None,None
1764733,63781144633488,None,None,None
1764741,63781144633499,None,None,None
1764749,63781144633510,None,None,None
1764766,63781144633522,None,None,None
1764774,63781144633532,None,None,None
1764783,63781144633544,None,None,None
1764799,63781144633555,None,None,None
1764807,63781144633566,None,None,None
1764816,63781144633577,None,None,None
1764832,63781144633588,None,None,None
1764841,63781144633599,None,None,None
1764849,63781144633610,None,None,None
1764866,63781144633621,None,None,None
1764874,63781144633632,None,None,None
1764882,63781144633643,None,None,None
1764899,63781144633655,None,None,None
1764907,63781144633666,None,None,None
1764916,63781144633677,None,None,None
1764932,63781144633688,None,None,None
1764941,63781144633699,None,None,None
1764949,63781144633710,None,None,None
1764966,63781144633721,None,None,None
1764974,63781144633732,None,None,None
1764982,63781144633744,None,None,None
1764999,63781144633755,None,None,None
1765007,63781144633766,None,None,None
1765016,63781144633777,None,None,None
1765032,63781144633788,None,None,None
1765041,63781144633799,None,None,None
1765049,63781144633810,None,None,None
1765066,63781144633821,None,None,None
1765074,63781144633832,None,None,None
1765082,63781144633844,None,None,None
1765099,63781144633854,None,None,None
1765107,63781144633866,None,None,None
1765116,63781144633877,None,None,None
1765132,63781144633888,None,None,None
1765141,63781144633899,None,None,None
1765149,63781144633910,None,None,None
1765166,63781144633921,None,None,None
1765174,63781144633932,None,None,None
1765182,63781144633944,None,None,None
1765199,63781144633955,None,None,None
1765207,63781144633965,None,None,None
1765216,63781144633977,None,None,None
1765232,63781144633987,None,None,None
1765241,63781144633999,None,None,None
1765249,63781144634010,None,None,None
1765266,63781144634021,None,None,None
1765274,63781144634032,None,None,None
1765283,63781144634044,None,None,None
1765299,63781144634054,None,None,None
1765308,63781144634065,None,None,None
1765316,63781144634076,None,None,None
1765333,63781144634087,None,None,None
1765341,63781144634099,None,None,None
1765349,63781144634110,None,None,None
1765366,63781144634121,None,None,None
1765374,63781144634132,None,None,None
1765382,63781144634143,None,None,None
1765399,63781144634154,None,None,None
1765407,63781144634165,None,None,None
1765424,63781144634183,None,None,None
1765441,63781144634197,None,None,None
1765449,63781144634207,None,None,None
1765457,63781144634219,None,None,None
1765474,63781144634230,None,None,None
1765482,63781144634241,None,None,None
1765491,63781144634252,None,None,None
1765507,63781144634263,None,None,None
1765516,63781144634274,None,None,None
1765524,63781144634285,None,None,Wayfinding_S
1765541,63781144634296,None,None,Wayfinding_S
1765549,63781144634308,None,None,Wayfinding_S
1765557,63781144634319,None,None,Wayfinding_S
1765574,63781144634330,Wayfinding_S,None,Wayfinding_S
1765582,63781144634341,None,None,Wayfinding_S
1765591,63781144634352,None,None,Wayfinding_S
1765607,63781144634363,None,None,Wayfinding_S
1765616,63781144634374,None,None,Wayfinding_S
1765624,63781144634385,None,None,Wayfinding_S
1765641,63781144634396,None,None,Wayfinding_S
1765649,63781144634407,None,None,Wayfinding_S
1765657,63781144634419,None,Wayfinding_S,Wayfinding_S
1765674,63781144634430,None,Wayfinding_S,Wayfinding_S
1765682,63781144634441,Wayfinding_S,Wayfinding_S,Wayfinding_S
1765691,63781144634452,Wayfinding_S,Wayfinding_S,Wayfinding_S
1765707,63781144634463,Wayfinding_S,None,Wayfinding_S
1765716,63781144634474,Wayfinding_S,None,Wayfinding_S
1765724,63781144634485,Wayfinding_S,None,Wayfinding_S
1765741,63781144634496,None,None,Wayfinding_S
1765749,63781144634507,None,None,Wayfinding_S
1765757,63781144634518,None,None,Wayfinding_S
1765774,63781144634529,Wayfinding_S,None,Wayfinding_S
1765782,63781144634541,Wayfinding_S,None,Wayfinding_S
1765791,63781144634552,Wayfinding_S,None,Wayfinding_S
1765807,63781144634564,Wayfinding_S,Wayfinding_S,Wayfinding_S
1765816,63781144634575,Wayfinding_S,Wayfinding_S,Wayfinding_S
1765824,63781144634586,Wayfinding_S,Wayfinding_S,Wayfinding_S
1765841,63781144634597,None,Wayfinding_S,Wayfinding_S
1765849,63781144634608,None,Wayfinding_S,Wayfinding_S
1765857,63781144634619,None,Wayfinding_S,Wayfinding_S
1765874,63781144634631,Wayfinding_S,Wayfinding_S,Wayfinding_S
1765882,63781144634642,Wayfinding_S,Wayfinding_S,Wayfinding_S
1765899,63781144634653,Wayfinding_S,Wayfinding_S,Wayfinding_S
1765907,63781144634665,Wayfinding_S,Wayfinding_S,Wayfinding_S
1765916,63781144634676,Wayfinding_S,None,Wayfinding_S
1765932,63781144634687,Wayfinding_S,None,Wayfinding_S
1765941,63781144634698,Wayfinding_S,None,Wayfinding_S
1765949,63781144634710,Wayfinding_S,None,Wayfinding_S
1765966,63781144634721,Wayfinding_S,None,Wayfinding_S
1765974,63781144634732,Wayfinding_S,None,Wayfinding_S
1765982,63781144634744,Wayfinding_S,None,Wayfinding_S
1765999,63781144634755,Wayfinding_S,None,Wayfinding_S
1766007,63781144634766,Wayfinding_S,None,Wayfinding_S
1766016,63781144634777,Wayfinding_S,None,Wayfinding_S
1766032,63781144634788,Wayfinding_S,None,Wayfinding_S
1766041,63781144634799,Wayfinding_S,Wayfinding_S,Wayfinding_S
1766049,63781144634811,Wayfinding_S,Wayfinding_S,Wayfinding_S
1766066,63781144634821,Wayfinding_S,Wayfinding_S,Wayfinding_S
1766074,63781144634833,Wayfinding_S,Wayfinding_S,Wayfinding_S
1766082,63781144634844,Wayfinding_S,None,None
1766099,63781144634855,None,None,None
1766107,63781144634866,None,None,None
1766116,63781144634877,None,None,None
1766132,63781144634888,None,None,None
1766141,63781144634899,None,None,None
1766149,63781144634911,None,None,None
1766166,63781144634922,None,None,None
1766174,63781144634932,None,None,None
1766182,63781144634944,None,None,None
1766199,63781144634955,None,None,None
1766207,63781144634966,None,None,None
1766216,63781144634977,None,None,None
1766232,63781144634988,None,None,None
1766241,63781144634999,None,None,None
1766249,63781144635010,None,None,None
1766266,63781144635022,None,None,None
1766274,63781144635032,None,None,None
1766282,63781144635044,None,None,None
1766299,63781144635054,None,None,None
1766307,63781144635066,None,None,None
1766316,63781144635077,None,None,None
1766332,63781144635088,None,None,None
1766341,63781144635099,None,None,None
1766349,63781144635110,None,None,None
1766366,63781144635121,None,None,None
1766374,63781144635132,None,None,None
1766382,63781144635144,None,None,None
1766399,63781144635155,None,None,None
1766407,63781144635166,None,None,None
1766416,63781144635177,None,None,None
1766432,63781144635188,None,None,None
1766441,63781144635200,None,None,None
1766449,63781144635211,None,None,None
1766466,63781144635222,None,None,None
1766474,63781144635232,None,None,None
1766482,63781144635244,None,None,None
1766499,63781144635255,None,None,None
1766507,63781144635266,None,None,None
1766516,63781144635277,None,None,None
1766532,63781144635288,None,None,None
1766541,63781144635299,None,None,None
1766549,63781144635310,None,None,None
1766566,63781144635321,None,None,None
1766574,63781144635332,None,None,None
1766591,63781144635343,None,None,None
1766599,63781144635355,None,None,None
1766607,63781144635366,None,None,None
1766616,63781144635377,None,None,None
1766632,63781144635388,None,None,None
1766641,63781144635399,None,None,None
1766657,63781144635410,None,None,None
1766666,63781144635421,None,None,None
1766674,63781144635433,None,None,None
1766682,63781144635444,None,None,None
1766699,63781144635455,None,None,None
1766707,63781144635466,None,None,None
1766715,63781144635477,None,None,None
1766732,63781144635488,None,None,None
1766740,63781144635499,None,None,None
1766749,63781144635511,None,None,None
1766765,63781144635522,None,None,None
1766774,63781144635533,None,None,None
1766782,63781144635545,None,None,None
1766799,63781144635555,None,None,None
1766807,63781144635567,None,None,None
1766815,63781144635578,None,None,None
1766832,63781144635589,None,None,None
1766840,63781144635600,None,None,None
1766849,63781144635611,None,None,None
1766865,63781144635622,None,None,None
1766874,63781144635633,None,None,None
1766882,63781144635645,None,None,None
1766899,63781144635656,None,None,None
1766907,63781144635667,None,None,None
1766915,63781144635678,None,None,None
1766932,63781144635689,None,None,None
1766940,63781144635700,None,None,None
1766949,63781144635711,None,None,None
1766965,63781144635722,None,None,None
1766974,63781144635733,None,None,None
1766982,63781144635745,None,None,None
1766999,63781144635756,None,None,None
1767007,63781144635766,None,None,None
1767015,63781144635777,None,None,None
1767032,63781144635789,None,None,None
1767041,63781144635800,None,None,None
1767049,63781144635811,None,None,None
1767066,63781144635822,None,None,None
1767074,63781144635833,None,None,None
1767082,63781144635845,None,None,None
1767099,63781144635855,None,None,None
1767107,63781144635866,None,None,None
1767116,63781144635878,None,None,None
1767132,63781144635888,99_Bahnsteig_PF,None,Cube
1767141,63781144635900,99_Bahnsteig_PF,None,99_Bahnsteig_PF
1767149,63781144635911,99_Bahnsteig_PF,Cube,99_Bahnsteig_PF
1767166,63781144635922,99_Bahnsteig_PF,Cube,99_Bahnsteig_PF
1767174,63781144635934,99_Bahnsteig_PF,Cube,99_Bahnsteig_PF
1767191,63781144635946,99_Bahnsteig_PF,None,99_Bahnsteig_PF
1767199,63781144635956,99_Bahnsteig_PF,None,99_Bahnsteig_PF
1767207,63781144635966,99_Bahnsteig_PF,99_Bahnsteig_PF,99_Bahnsteig_PF
1767216,63781144635978,99_Bahnsteig_PF,99_Bahnsteig_PF,99_Bahnsteig_PF
1767232,63781144635988,99_Bahnsteig_PF,None,99_Bahnsteig_PF
1767241,63781144635999,99_Bahnsteig_PF,99_Bahnsteig_PF,99_Bahnsteig_PF
1767249,63781144636011,99_Bahnsteig_PF,99_Bahnsteig_PF,99_Bahnsteig_PF
1767266,63781144636022,99_Bahnsteig_PF,None,99_Bahnsteig_PF
1767274,63781144636033,99_Bahnsteig_PF,None,99_Bahnsteig_PF
1767282,63781144636044,99_Bahnsteig_PF,Cube,99_Bahnsteig_PF
1767299,63781144636055,99_Bahnsteig_PF,99_Bahnsteig_PF,99_Bahnsteig_PF
1767307,63781144636066,99_Bahnsteig_PF,99_Bahnsteig_PF,99_Bahnsteig_PF
1767316,63781144636077,99_Bahnsteig_PF,99_Bahnsteig_PF,99_Bahnsteig_PF
1767332,63781144636088,99_Bahnsteig_PF,99_Bahnsteig_PF,99_Bahnsteig_PF
1767341,63781144636099,99_Bahnsteig_PF,99_Bahnsteig_PF,99_Bahnsteig_PF
1767349,63781144636111,99_Bahnsteig_PF,99_Bahnsteig_PF,99_Bahnsteig_PF
1767365,63781144636121,99_Bahnsteig_PF,99_Bahnsteig_PF,99_Bahnsteig_PF
1767374,63781144636133,99_Bahnsteig_PF,99_Bahnsteig_PF,99_Bahnsteig_PF
1767390,63781144636150,99_Bahnsteig_PF,99_Bahnsteig_PF,99_Bahnsteig_PF
1767399,63781144636155,99_Bahnsteig_PF,99_Bahnsteig_PF,99_Bahnsteig_PF
1767399,63781144636161,99_Bahnsteig_PF,99_Bahnsteig_PF,99_Bahnsteig_PF
1767415,63781144636172,99_Bahnsteig_PF,99_Bahnsteig_PF,99_Bahnsteig_PF
1767424,63781144636184,99_Bahnsteig_PF,99_Bahnsteig_PF,99_Bahnsteig_PF
1767432,63781144636194,99_Bahnsteig_PF,99_Bahnsteig_PF,99_Bahnsteig_PF
1767449,63781144636205,99_Bahnsteig_PF,99_Bahnsteig_PF,99_Bahnsteig_PF
1767457,63781144636216,99_Bahnsteig_PF,99_Bahnsteig_PF,99_Bahnsteig_PF
1767474,63781144636228,99_Bahnsteig_PF,99_Bahnsteig_PF,99_Bahnsteig_PF
1767482,63781144636239,99_Bahnsteig_PF,99_Bahnsteig_PF,99_Bahnsteig_PF
1767490,63781144636250,99_Bahnsteig_PF,99_Bahnsteig_PF,99_Bahnsteig_PF
1767507,63781144636261,99_Bahnsteig_PF,99_Bahnsteig_PF,99_Bahnsteig_PF
1767515,63781144636272,99_Bahnsteig_PF,99_Bahnsteig_PF,99_Bahnsteig_PF
1767524,63781144636284,99_Bahnsteig_PF,99_Bahnsteig_PF,99_Bahnsteig_PF
1767540,63781144636295,99_Bahnsteig_PF,99_Bahnsteig_PF,99_Bahnsteig_PF
1767549,63781144636306,99_Bahnsteig_PF,99_Bahnsteig_PF,99_Bahnsteig_PF
1767557,63781144636317,99_Bahnsteig_PF,99_Bahnsteig_PF,99_Bahnsteig_PF
1767574,63781144636328,99_Bahnsteig_PF,99_Bahnsteig_PF,99_Bahnsteig_PF
1767582,63781144636339,99_Bahnsteig_PF,99_Bahnsteig_PF,99_Bahnsteig_PF
1767590,63781144636350,99_Bahnsteig_PF,99_Bahnsteig_PF,99_Bahnsteig_PF
1767599,63781144636361,99_Bahnsteig_PF,99_Bahnsteig_PF,99_Bahnsteig_PF
1767615,63781144636372,99_Bahnsteig_PF,99_Bahnsteig_PF,99_Bahnsteig_PF
1767624,63781144636383,99_Bahnsteig_PF,99_Bahnsteig_PF,99_Bahnsteig_PF
1767649,63781144636405,99_Bahnsteig_PF,99_Bahnsteig_PF,99_Bahnsteig_PF
1767657,63781144636416,99_Bahnsteig_PF,99_Bahnsteig_PF,99_Bahnsteig_PF
1767674,63781144636428,99_Bahnsteig_PF,99_Bahnsteig_PF,99_Bahnsteig_PF
1767682,63781144636439,99_Bahnsteig_PF,99_Bahnsteig_PF,99_Bahnsteig_PF
1767690,63781144636450,99_Bahnsteig_PF,99_Bahnsteig_PF,99_Bahnsteig_PF
1767699,63781144636461,99_Bahnsteig_PF,99_Bahnsteig_PF,99_Bahnsteig_PF
1767715,63781144636472,99_Bahnsteig_PF,99_Bahnsteig_PF,99_Bahnsteig_PF
1767724,63781144636483,99_Bahnsteig_PF,99_Bahnsteig_PF,99_Bahnsteig_PF
1767732,63781144636495,99_Bahnsteig_PF,99_Bahnsteig_PF,99_Bahnsteig_PF
1767749,63781144636506,99_Bahnsteig_PF,99_Bahnsteig_PF,99_Bahnsteig_PF
1767765,63781144636520,99_Bahnsteig_PF,99_Bahnsteig_PF,99_Bahnsteig_PF
1767774,63781144636528,None,None,None
1767782,63781144636539,99_Bahnsteig_PF,99_Bahnsteig_PF,99_Bahnsteig_PF
1767790,63781144636551,99_Bahnsteig_PF,99_Bahnsteig_PF,99_Bahnsteig_PF
1767807,63781144636562,99_Bahnsteig_PF,99_Bahnsteig_PF,99_Bahnsteig_PF
1767815,63781144636573,99_Bahnsteig_PF,99_Bahnsteig_PF,99_Bahnsteig_PF
1767824,63781144636584,99_Bahnsteig_PF,99_Bahnsteig_PF,99_Bahnsteig_PF
1767840,63781144636597,99_Bahnsteig_PF,99_Bahnsteig_PF,99_Bahnsteig_PF
1767849,63781144636608,99_Bahnsteig_PF,99_Bahnsteig_PF,99_Bahnsteig_PF
1767857,63781144636619,99_Bahnsteig_PF,99_Bahnsteig_PF,99_Bahnsteig_PF
1767874,63781144636631,99_Bahnsteig_PF,99_Bahnsteig_PF,99_Bahnsteig_PF
1767882,63781144636642,99_Bahnsteig_PF,99_Bahnsteig_PF,99_Bahnsteig_PF
1767899,63781144636653,99_Bahnsteig_PF,99_Bahnsteig_PF,99_Bahnsteig_PF
1767907,63781144636664,99_Bahnsteig_PF,99_Bahnsteig_PF,99_Bahnsteig_PF
1767915,63781144636675,99_Bahnsteig_PF,99_Bahnsteig_PF,99_Bahnsteig_PF
1767932,63781144636687,99_Bahnsteig_PF,99_Bahnsteig_PF,99_Bahnsteig_PF
1767940,63781144636698,99_Bahnsteig_PF,99_Bahnsteig_PF,99_Bahnsteig_PF
1767949,63781144636710,99_Bahnsteig_PF,99_Bahnsteig_PF,99_Bahnsteig_PF
1767965,63781144636721,99_Bahnsteig_PF,99_Bahnsteig_PF,99_Bahnsteig_PF
1767974,63781144636732,99_Bahnsteig_PF,99_Bahnsteig_PF,99_Bahnsteig_PF
1767982,63781144636744,99_Bahnsteig_PF,99_Bahnsteig_PF,99_Bahnsteig_PF
1767999,63781144636755,99_Bahnsteig_PF,99_Bahnsteig_PF,99_Bahnsteig_PF
1768007,63781144636766,99_Bahnsteig_PF,99_Bahnsteig_PF,99_Bahnsteig_PF
1768015,63781144636777,99_Bahnsteig_PF,99_Bahnsteig_PF,99_Bahnsteig_PF
1768032,63781144636788,99_Bahnsteig_PF,99_Bahnsteig_PF,99_Bahnsteig_PF
1768040,63781144636799,99_Bahnsteig_PF,99_Bahnsteig_PF,99_Bahnsteig_PF
1768049,63781144636810,99_Bahnsteig_PF,99_Bahnsteig_PF,99_Bahnsteig_PF
1768065,63781144636822,99_Bahnsteig_PF,99_Bahnsteig_PF,99_Bahnsteig_PF
1768074,63781144636832,99_Bahnsteig_PF,99_Bahnsteig_PF,99_Bahnsteig_PF
1768082,63781144636844,99_Bahnsteig_PF,99_Bahnsteig_PF,99_Bahnsteig_PF
1768099,63781144636855,99_Bahnsteig_PF,99_Bahnsteig_PF,99_Bahnsteig_PF
1768107,63781144636866,99_Bahnsteig_PF,99_Bahnsteig_PF,99_Bahnsteig_PF
1768115,63781144636877,99_Bahnsteig_PF,99_Bahnsteig_PF,99_Bahnsteig_PF
1768132,63781144636888,99_Bahnsteig_PF,99_Bahnsteig_PF,99_Bahnsteig_PF
1768140,63781144636899,99_Bahnsteig_PF,99_Bahnsteig_PF,99_Bahnsteig_PF
1768149,63781144636910,99_Bahnsteig_PF,99_Bahnsteig_PF,99_Bahnsteig_PF
1768165,63781144636921,99_Bahnsteig_PF,99_Bahnsteig_PF,99_Bahnsteig_PF
1768174,63781144636932,99_Bahnsteig_PF,99_Bahnsteig_PF,99_Bahnsteig_PF
1768182,63781144636944,99_Bahnsteig_PF,99_Bahnsteig_PF,99_Bahnsteig_PF
1768199,63781144636955,99_Bahnsteig_PF,99_Bahnsteig_PF,99_Bahnsteig_PF
1768207,63781144636965,99_Bahnsteig_PF,99_Bahnsteig_PF,99_Bahnsteig_PF
1768215,63781144636978,99_Bahnsteig_PF,99_Bahnsteig_PF,99_Bahnsteig_PF
1768232,63781144636988,99_Bahnsteig_PF,99_Bahnsteig_PF,99_Bahnsteig_PF
1768240,63781144636999,99_Bahnsteig_PF,99_Bahnsteig_PF,99_Bahnsteig_PF
1768249,63781144637010,99_Bahnsteig_PF,99_Bahnsteig_PF,99_Bahnsteig_PF
1768265,63781144637021,99_Bahnsteig_PF,99_Bahnsteig_PF,99_Bahnsteig_PF
1768274,63781144637032,99_Bahnsteig_PF,99_Bahnsteig_PF,99_Bahnsteig_PF
1768282,63781144637044,99_Bahnsteig_PF,99_Bahnsteig_PF,99_Bahnsteig_PF
1768299,63781144637055,99_Bahnsteig_PF,99_Bahnsteig_PF,99_Bahnsteig_PF
1768307,63781144637067,99_Bahnsteig_PF,99_Bahnsteig_PF,99_Bahnsteig_PF
1768315,63781144637077,99_Bahnsteig_PF,99_Bahnsteig_PF,99_Bahnsteig_PF
1768332,63781144637088,99_Bahnsteig_PF,99_Bahnsteig_PF,99_Bahnsteig_PF
1768340,63781144637099,99_Bahnsteig_PF,99_Bahnsteig_PF,99_Bahnsteig_PF
1768349,63781144637110,99_Bahnsteig_PF,99_Bahnsteig_PF,99_Bahnsteig_PF
1768365,63781144637121,99_Bahnsteig_PF,99_Bahnsteig_PF,99_Bahnsteig_PF
1768374,63781144637132,99_Bahnsteig_PF,99_Bahnsteig_PF,99_Bahnsteig_PF
1768382,63781144637143,99_Bahnsteig_PF,99_Bahnsteig_PF,99_Bahnsteig_PF
1768399,63781144637154,99_Bahnsteig_PF,99_Bahnsteig_PF,99_Bahnsteig_PF
1768407,63781144637166,99_Bahnsteig_PF,99_Bahnsteig_PF,99_Bahnsteig_PF
1768415,63781144637177,99_Bahnsteig_PF,99_Bahnsteig_PF,99_Bahnsteig_PF
1768432,63781144637188,99_Bahnsteig_PF,99_Bahnsteig_PF,99_Bahnsteig_PF
1768440,63781144637199,99_Bahnsteig_PF,99_Bahnsteig_PF,99_Bahnsteig_PF
1768449,63781144637210,99_Bahnsteig_PF,99_Bahnsteig_PF,99_Bahnsteig_PF
1768465,63781144637222,99_Bahnsteig_PF,99_Bahnsteig_PF,99_Bahnsteig_PF
1768474,63781144637232,99_Bahnsteig_PF,99_Bahnsteig_PF,99_Bahnsteig_PF
1768482,63781144637244,99_Bahnsteig_PF,99_Bahnsteig_PF,99_Bahnsteig_PF
1768499,63781144637254,99_Bahnsteig_PF,99_Bahnsteig_PF,99_Bahnsteig_PF
1768507,63781144637265,99_Bahnsteig_PF,99_Bahnsteig_PF,99_Bahnsteig_PF
1768515,63781144637277,99_Bahnsteig_PF,99_Bahnsteig_PF,99_Bahnsteig_PF
1768532,63781144637288,99_Bahnsteig_PF,99_Bahnsteig_PF,99_Bahnsteig_PF
1768540,63781144637299,99_Bahnsteig_PF,99_Bahnsteig_PF,99_Bahnsteig_PF
1768549,63781144637310,99_Bahnsteig_PF,99_Bahnsteig_PF,99_Bahnsteig_PF
1768565,63781144637321,99_Bahnsteig_PF,99_Bahnsteig_PF,99_Bahnsteig_PF
1768574,63781144637332,99_Bahnsteig_PF,99_Bahnsteig_PF,99_Bahnsteig_PF
1768582,63781144637343,99_Bahnsteig_PF,99_Bahnsteig_PF,99_Bahnsteig_PF
1768599,63781144637354,99_Bahnsteig_PF,99_Bahnsteig_PF,99_Bahnsteig_PF
1768607,63781144637365,99_Bahnsteig_PF,99_Bahnsteig_PF,99_Bahnsteig_PF
1768615,63781144637377,99_Bahnsteig_PF,99_Bahnsteig_PF,99_Bahnsteig_PF
1768632,63781144637388,99_Bahnsteig_PF,99_Bahnsteig_PF,99_Bahnsteig_PF
1768640,63781144637399,99_Bahnsteig_PF,99_Bahnsteig_PF,99_Bahnsteig_PF
1768649,63781144637410,MetallAbgrenzung,99_Bahnsteig_PF,99_Bahnsteig_PF
1768665,63781144637421,99_Bahnsteig_PF,99_Bahnsteig_PF,99_Bahnsteig_PF
1768674,63781144637432,99_Bahnsteig_PF,99_Bahnsteig_PF,99_Bahnsteig_PF
1768682,63781144637443,99_Bahnsteig_PF,99_Bahnsteig_PF,99_Bahnsteig_PF
1768699,63781144637454,99_Bahnsteig_PF,99_Bahnsteig_PF,99_Bahnsteig_PF
1768707,63781144637465,99_Bahnsteig_PF,99_Bahnsteig_PF,99_Bahnsteig_PF
1768715,63781144637477,99_Bahnsteig_PF,99_Bahnsteig_PF,99_Bahnsteig_PF
1768732,63781144637488,99_Bahnsteig_PF,99_Bahnsteig_PF,99_Bahnsteig_PF
1768740,63781144637499,99_Bahnsteig_PF,99_Bahnsteig_PF,99_Bahnsteig_PF
1768749,63781144637510,99_Bahnsteig_PF,99_Bahnsteig_PF,99_Bahnsteig_PF
1768765,63781144637521,99_Bahnsteig_PF,99_Bahnsteig_PF,99_Bahnsteig_PF
1768774,63781144637532,99_Bahnsteig_PF,99_Bahnsteig_PF,99_Bahnsteig_PF
1768782,63781144637543,99_Bahnsteig_PF,99_Bahnsteig_PF,99_Bahnsteig_PF
1768799,63781144637554,99_Bahnsteig_PF,99_Bahnsteig_PF,99_Bahnsteig_PF
1768807,63781144637565,99_Bahnsteig_PF,99_Bahnsteig_PF,99_Bahnsteig_PF
1768815,63781144637576,99_Bahnsteig_PF,99_Bahnsteig_PF,99_Bahnsteig_PF
1768832,63781144637588,99_Bahnsteig_PF,99_Bahnsteig_PF,99_Bahnsteig_PF
1768840,63781144637599,99_Bahnsteig_PF,99_Bahnsteig_PF,99_Bahnsteig_PF
1768849,63781144637610,99_Bahnsteig_PF,99_Bahnsteig_PF,99_Bahnsteig_PF
1768865,63781144637621,99_Bahnsteig_PF,99_Bahnsteig_PF,99_Bahnsteig_PF
1768874,63781144637632,99_Bahnsteig_PF,99_Bahnsteig_PF,99_Bahnsteig_PF
1768882,63781144637643,99_Bahnsteig_PF,99_Bahnsteig_PF,99_Bahnsteig_PF
1768899,63781144637654,99_Bahnsteig_PF,99_Bahnsteig_PF,99_Bahnsteig_PF
1768907,63781144637666,99_Bahnsteig_PF,99_Bahnsteig_PF,99_Bahnsteig_PF
1768915,63781144637676,99_Bahnsteig_PF,99_Bahnsteig_PF,99_Bahnsteig_PF
1768932,63781144637688,99_Bahnsteig_PF,99_Bahnsteig_PF,99_Bahnsteig_PF
1768940,63781144637699,99_Bahnsteig_PF,99_Bahnsteig_PF,99_Bahnsteig_PF
1768949,63781144637711,99_Bahnsteig_PF,99_Bahnsteig_PF,99_Bahnsteig_PF
1768965,63781144637721,99_Bahnsteig_PF,99_Bahnsteig_PF,99_Bahnsteig_PF
1768974,63781144637732,99_Bahnsteig_PF,99_Bahnsteig_PF,99_Bahnsteig_PF
1768982,63781144637743,99_Bahnsteig_PF,99_Bahnsteig_PF,99_Bahnsteig_PF
1768999,63781144637754,99_Bahnsteig_PF,99_Bahnsteig_PF,99_Bahnsteig_PF
1769007,63781144637765,99_Bahnsteig_PF,MetallAbgrenzung,99_Bahnsteig_PF
1769015,63781144637777,99_Bahnsteig_PF,99_Bahnsteig_PF,99_Bahnsteig_PF
1769032,63781144637788,99_Bahnsteig_PF,99_Bahnsteig_PF,99_Bahnsteig_PF
1769040,63781144637799,99_Bahnsteig_PF,99_Bahnsteig_PF,99_Bahnsteig_PF
1769048,63781144637810,99_Bahnsteig_PF,99_Bahnsteig_PF,99_Bahnsteig_PF
1769065,63781144637821,99_Bahnsteig_PF,99_Bahnsteig_PF,99_Bahnsteig_PF
1769073,63781144637832,99_Bahnsteig_PF,99_Bahnsteig_PF,99_Bahnsteig_PF
1769082,63781144637843,99_Bahnsteig_PF,99_Bahnsteig_PF,99_Bahnsteig_PF
1769098,63781144637854,99_Bahnsteig_PF,99_Bahnsteig_PF,99_Bahnsteig_PF
1769107,63781144637865,99_Bahnsteig_PF,99_Bahnsteig_PF,99_Bahnsteig_PF
1769115,63781144637876,99_Bahnsteig_PF,99_Bahnsteig_PF,99_Bahnsteig_PF
1769132,63781144637888,99_Bahnsteig_PF,99_Bahnsteig_PF,99_Bahnsteig_PF
1769140,63781144637898,99_Bahnsteig_PF,99_Bahnsteig_PF,99_Bahnsteig_PF
1769149,63781144637910,99_Bahnsteig_PF,99_Bahnsteig_PF,99_Bahnsteig_PF
1769165,63781144637920,99_Bahnsteig_PF,99_Bahnsteig_PF,99_Bahnsteig_PF
1769174,63781144637932,99_Bahnsteig_PF,99_Bahnsteig_PF,99_Bahnsteig_PF
1769182,63781144637943,99_Bahnsteig_PF,99_Bahnsteig_PF,99_Bahnsteig_PF
1769199,63781144637954,99_Bahnsteig_PF,99_Bahnsteig_PF,99_Bahnsteig_PF
1769207,63781144637965,99_Bahnsteig_PF,99_Bahnsteig_PF,99_Bahnsteig_PF
1769215,63781144637977,99_Bahnsteig_PF,99_Bahnsteig_PF,99_Bahnsteig_PF
1769232,63781144637988,99_Bahnsteig_PF,99_Bahnsteig_PF,99_Bahnsteig_PF
1769240,63781144637998,99_Bahnsteig_PF,99_Bahnsteig_PF,99_Bahnsteig_PF
1769249,63781144638010,99_Bahnsteig_PF,99_Bahnsteig_PF,99_Bahnsteig_PF
1769265,63781144638020,99_Bahnsteig_PF,99_Bahnsteig_PF,99_Bahnsteig_PF
1769274,63781144638032,99_Bahnsteig_PF,99_Bahnsteig_PF,99_Bahnsteig_PF
1769282,63781144638043,99_Bahnsteig_PF,99_Bahnsteig_PF,99_Bahnsteig_PF
1769299,63781144638054,99_Bahnsteig_PF,99_Bahnsteig_PF,99_Bahnsteig_PF
1769307,63781144638066,99_Bahnsteig_PF,99_Bahnsteig_PF,99_Bahnsteig_PF
1769315,63781144638076,99_Bahnsteig_PF,99_Bahnsteig_PF,99_Bahnsteig_PF
1769332,63781144638087,99_Bahnsteig_PF,99_Bahnsteig_PF,99_Bahnsteig_PF
1769340,63781144638098,99_Bahnsteig_PF,99_Bahnsteig_PF,99_Bahnsteig_PF
1769349,63781144638109,99_Bahnsteig_PF,99_Bahnsteig_PF,99_Bahnsteig_PF
1769365,63781144638121,99_Bahnsteig_PF,99_Bahnsteig_PF,99_Bahnsteig_PF
1769374,63781144638132,99_Bahnsteig_PF,99_Bahnsteig_PF,99_Bahnsteig_PF
1769382,63781144638143,99_Bahnsteig_PF,99_Bahnsteig_PF,99_Bahnsteig_PF
1769399,63781144638154,99_Bahnsteig_PF,99_Bahnsteig_PF,99_Bahnsteig_PF
1769407,63781144638165,99_Bahnsteig_PF,99_Bahnsteig_PF,99_Bahnsteig_PF
1769415,63781144638176,99_Bahnsteig_PF,99_Bahnsteig_PF,99_Bahnsteig_PF
1769432,63781144638187,99_Bahnsteig_PF,99_Bahnsteig_PF,99_Bahnsteig_PF
1769440,63781144638199,99_Bahnsteig_PF,99_Bahnsteig_PF,99_Bahnsteig_PF
1769448,63781144638209,99_Bahnsteig_PF,99_Bahnsteig_PF,99_Bahnsteig_PF
1769465,63781144638221,99_Bahnsteig_PF,99_Bahnsteig_PF,99_Bahnsteig_PF
1769473,63781144638231,99_Bahnsteig_PF,99_Bahnsteig_PF,99_Bahnsteig_PF
1769482,63781144638242,99_Bahnsteig_PF,99_Bahnsteig_PF,99_Bahnsteig_PF
1769498,63781144638254,99_Bahnsteig_PF,99_Bahnsteig_PF,99_Bahnsteig_PF
1769507,63781144638265,99_Bahnsteig_PF,99_Bahnsteig_PF,99_Bahnsteig_PF
1769515,63781144638276,99_Bahnsteig_PF,99_Bahnsteig_PF,99_Bahnsteig_PF
1769532,63781144638287,99_Bahnsteig_PF,99_Bahnsteig_PF,99_Bahnsteig_PF
1769540,63781144638298,99_Bahnsteig_PF,99_Bahnsteig_PF,99_Bahnsteig_PF
1769548,63781144638310,99_Bahnsteig_PF,99_Bahnsteig_PF,99_Bahnsteig_PF
1769565,63781144638320,99_Bahnsteig_PF,99_Bahnsteig_PF,99_Bahnsteig_PF
1769573,63781144638332,99_Bahnsteig_PF,99_Bahnsteig_PF,99_Bahnsteig_PF
1769582,63781144638343,99_Bahnsteig_PF,99_Bahnsteig_PF,99_Bahnsteig_PF
1769598,63781144638355,99_Bahnsteig_PF,99_Bahnsteig_PF,99_Bahnsteig_PF
1769607,63781144638365,99_Bahnsteig_PF,99_Bahnsteig_PF,99_Bahnsteig_PF
1769615,63781144638376,99_Bahnsteig_PF,99_Bahnsteig_PF,99_Bahnsteig_PF
1769632,63781144638387,99_Bahnsteig_PF,99_Bahnsteig_PF,99_Bahnsteig_PF
1769640,63781144638398,99_Bahnsteig_PF,99_Bahnsteig_PF,99_Bahnsteig_PF
1769648,63781144638409,99_Bahnsteig_PF,99_Bahnsteig_PF,99_Bahnsteig_PF
1769665,63781144638420,99_Bahnsteig_PF,99_Bahnsteig_PF,99_Bahnsteig_PF
1769673,63781144638432,99_Bahnsteig_PF,99_Bahnsteig_PF,99_Bahnsteig_PF
1769682,63781144638443,99_Bahnsteig_PF,99_Bahnsteig_PF,99_Bahnsteig_PF
1769698,63781144638454,99_Bahnsteig_PF,99_Bahnsteig_PF,99_Bahnsteig_PF
1769707,63781144638465,99_Bahnsteig_PF,99_Bahnsteig_PF,99_Bahnsteig_PF
1769715,63781144638476,99_Bahnsteig_PF,99_Bahnsteig_PF,99_Bahnsteig_PF
1769732,63781144638487,99_Bahnsteig_PF,99_Bahnsteig_PF,99_Bahnsteig_PF
1769740,63781144638498,99_Bahnsteig_PF,99_Bahnsteig_PF,99_Bahnsteig_PF
1769748,63781144638509,99_Bahnsteig_PF,99_Bahnsteig_PF,99_Bahnsteig_PF
1769765,63781144638521,99_Bahnsteig_PF,99_Bahnsteig_PF,99_Bahnsteig_PF
1769773,63781144638532,99_Bahnsteig_PF,99_Bahnsteig_PF,99_Bahnsteig_PF
1769781,63781144638542,99_Bahnsteig_PF,99_Bahnsteig_PF,99_Bahnsteig_PF
1769798,63781144638554,99_Bahnsteig_PF,99_Bahnsteig_PF,99_Bahnsteig_PF
1769806,63781144638565,99_Bahnsteig_PF,99_Bahnsteig_PF,99_Bahnsteig_PF
1769815,63781144638576,99_Bahnsteig_PF,99_Bahnsteig_PF,99_Bahnsteig_PF
1769831,63781144638587,99_Bahnsteig_PF,99_Bahnsteig_PF,99_Bahnsteig_PF
1769840,63781144638598,99_Bahnsteig_PF,99_Bahnsteig_PF,99_Bahnsteig_PF
1769848,63781144638609,99_Bahnsteig_PF,99_Bahnsteig_PF,99_Bahnsteig_PF
1769865,63781144638621,99_Bahnsteig_PF,99_Bahnsteig_PF,99_Bahnsteig_PF
1769873,63781144638632,99_Bahnsteig_PF,99_Bahnsteig_PF,99_Bahnsteig_PF
1769881,63781144638642,99_Bahnsteig_PF,99_Bahnsteig_PF,99_Bahnsteig_PF
1769898,63781144638653,99_Bahnsteig_PF,99_Bahnsteig_PF,99_Bahnsteig_PF
1769906,63781144638664,99_Bahnsteig_PF,99_Bahnsteig_PF,99_Bahnsteig_PF
1769915,63781144638676,99_Bahnsteig_PF,99_Bahnsteig_PF,99_Bahnsteig_PF
1769931,63781144638687,99_Bahnsteig_PF,99_Bahnsteig_PF,99_Bahnsteig_PF
1769940,63781144638698,99_Bahnsteig_PF,99_Bahnsteig_PF,99_Bahnsteig_PF
1769956,63781144638711,99_Bahnsteig_PF,99_Bahnsteig_PF,99_Bahnsteig_PF
1769965,63781144638720,99_Bahnsteig_PF,99_Bahnsteig_PF,99_Bahnsteig_PF
1769973,63781144638731,99_Bahnsteig_PF,99_Bahnsteig_PF,99_Bahnsteig_PF
1769981,63781144638742,99_Bahnsteig_PF,99_Bahnsteig_PF,99_Bahnsteig_PF
1769998,63781144638753,99_Bahnsteig_PF,99_Bahnsteig_PF,99_Bahnsteig_PF
1770006,63781144638764,99_Bahnsteig_PF,99_Bahnsteig_PF,99_Bahnsteig_PF
1770015,63781144638776,99_Bahnsteig_PF,99_Bahnsteig_PF,99_Bahnsteig_PF
1770031,63781144638786,99_Bahnsteig_PF,99_Bahnsteig_PF,99_Bahnsteig_PF
1770040,63781144638798,99_Bahnsteig_PF,99_Bahnsteig_PF,99_Bahnsteig_PF
1770048,63781144638809,99_Bahnsteig_PF,99_Bahnsteig_PF,99_Bahnsteig_PF
1770065,63781144638820,99_Bahnsteig_PF,99_Bahnsteig_PF,99_Bahnsteig_PF
1770073,63781144638831,99_Bahnsteig_PF,99_Bahnsteig_PF,99_Bahnsteig_PF
1770081,63781144638843,99_Bahnsteig_PF,99_Bahnsteig_PF,99_Bahnsteig_PF
1770098,63781144638853,99_Bahnsteig_PF,99_Bahnsteig_PF,99_Bahnsteig_PF
1770106,63781144638865,99_Bahnsteig_PF,99_Bahnsteig_PF,99_Bahnsteig_PF
1770115,63781144638875,99_Bahnsteig_PF,99_Bahnsteig_PF,99_Bahnsteig_PF
1770131,63781144638886,99_Bahnsteig_PF,99_Bahnsteig_PF,99_Bahnsteig_PF
1770140,63781144638898,99_Bahnsteig_PF,99_Bahnsteig_PF,99_Bahnsteig_PF
1770148,63781144638909,99_Bahnsteig_PF,99_Bahnsteig_PF,99_Bahnsteig_PF
1770165,63781144638920,99_Bahnsteig_PF,99_Bahnsteig_PF,99_Bahnsteig_PF
1770173,63781144638932,99_Bahnsteig_PF,99_Bahnsteig_PF,99_Bahnsteig_PF
1770181,63781144638942,99_Bahnsteig_PF,99_Bahnsteig_PF,99_Bahnsteig_PF
1770198,63781144638953,99_Bahnsteig_PF,99_Bahnsteig_PF,99_Bahnsteig_PF
1770206,63781144638964,99_Bahnsteig_PF,99_Bahnsteig_PF,99_Bahnsteig_PF
1770215,63781144638976,99_Bahnsteig_PF,99_Bahnsteig_PF,99_Bahnsteig_PF
1770231,63781144638987,99_Bahnsteig_PF,99_Bahnsteig_PF,99_Bahnsteig_PF
1770240,63781144638998,99_Bahnsteig_PF,99_Bahnsteig_PF,99_Bahnsteig_PF
1770248,63781144639009,99_Bahnsteig_PF,99_Bahnsteig_PF,99_Bahnsteig_PF
1770265,63781144639020,99_Bahnsteig_PF,99_Bahnsteig_PF,99_Bahnsteig_PF
1770273,63781144639031,99_Bahnsteig_PF,99_Bahnsteig_PF,99_Bahnsteig_PF
1770281,63781144639042,99_Bahnsteig_PF,99_Bahnsteig_PF,99_Bahnsteig_PF
1770298,63781144639053,99_Bahnsteig_PF,99_Bahnsteig_PF,99_Bahnsteig_PF
1770306,63781144639064,99_Bahnsteig_PF,99_Bahnsteig_PF,99_Bahnsteig_PF
1770315,63781144639076,99_Bahnsteig_PF,99_Bahnsteig_PF,99_Bahnsteig_PF
1770331,63781144639087,99_Bahnsteig_PF,99_Bahnsteig_PF,99_Bahnsteig_PF
1770340,63781144639098,99_Bahnsteig_PF,99_Bahnsteig_PF,99_Bahnsteig_PF
1770348,63781144639109,99_Bahnsteig_PF,99_Bahnsteig_PF,99_Bahnsteig_PF
1770365,63781144639120,99_Bahnsteig_PF,99_Bahnsteig_PF,99_Bahnsteig_PF
1770381,63781144639140,99_Bahnsteig_PF,99_Bahnsteig_PF,99_Bahnsteig_PF
1770390,63781144639146,99_Bahnsteig_PF,99_Bahnsteig_PF,99_Bahnsteig_PF
1770398,63781144639152,99_Bahnsteig_PF,99_Bahnsteig_PF,99_Bahnsteig_PF
1770398,63781144639159,99_Bahnsteig_PF,99_Bahnsteig_PF,99_Bahnsteig_PF
1770415,63781144639171,99_Bahnsteig_PF,99_Bahnsteig_PF,99_Bahnsteig_PF
1770431,63781144639194,99_Bahnsteig_PF,99_Bahnsteig_PF,99_Bahnsteig_PF
1770448,63781144639205,99_Bahnsteig_PF,99_Bahnsteig_PF,99_Bahnsteig_PF
1770456,63781144639216,99_Bahnsteig_PF,99_Bahnsteig_PF,99_Bahnsteig_PF
1770473,63781144639228,99_Bahnsteig_PF,99_Bahnsteig_PF,99_Bahnsteig_PF
1770481,63781144639238,99_Bahnsteig_PF,99_Bahnsteig_PF,99_Bahnsteig_PF
1770490,63781144639249,99_Bahnsteig_PF,99_Bahnsteig_PF,99_Bahnsteig_PF
1770498,63781144639260,99_Bahnsteig_PF,99_Bahnsteig_PF,99_Bahnsteig_PF
1770515,63781144639271,99_Bahnsteig_PF,99_Bahnsteig_PF,99_Bahnsteig_PF
1770523,63781144639283,99_Bahnsteig_PF,99_Bahnsteig_PF,99_Bahnsteig_PF
1770531,63781144639294,99_Bahnsteig_PF,99_Bahnsteig_PF,99_Bahnsteig_PF
1770548,63781144639305,99_Bahnsteig_PF,99_Bahnsteig_PF,99_Bahnsteig_PF
1770556,63781144639316,99_Bahnsteig_PF,99_Bahnsteig_PF,99_Bahnsteig_PF
1770565,63781144639327,99_Bahnsteig_PF,99_Bahnsteig_PF,99_Bahnsteig_PF
1770581,63781144639338,99_Bahnsteig_PF,99_Bahnsteig_PF,99_Bahnsteig_PF
1770590,63781144639349,99_Bahnsteig_PF,99_Bahnsteig_PF,99_Bahnsteig_PF
1770598,63781144639360,99_Bahnsteig_PF,99_Bahnsteig_PF,99_Bahnsteig_PF
1770615,63781144639371,99_Bahnsteig_PF,99_Bahnsteig_PF,99_Bahnsteig_PF
1770623,63781144639382,99_Bahnsteig_PF,99_Bahnsteig_PF,99_Bahnsteig_PF
1770640,63781144639395,99_Bahnsteig_PF,99_Bahnsteig_PF,99_Bahnsteig_PF
1770648,63781144639405,99_Bahnsteig_PF,99_Bahnsteig_PF,99_Bahnsteig_PF
1770656,63781144639416,99_Bahnsteig_PF,99_Bahnsteig_PF,99_Bahnsteig_PF
1770665,63781144639427,99_Bahnsteig_PF,99_Bahnsteig_PF,99_Bahnsteig_PF
1770681,63781144639438,99_Bahnsteig_PF,99_Bahnsteig_PF,99_Bahnsteig_PF
1770690,63781144639449,99_Bahnsteig_PF,99_Bahnsteig_PF,99_Bahnsteig_PF
1770698,63781144639460,99_Bahnsteig_PF,99_Bahnsteig_PF,99_Bahnsteig_PF
1770715,63781144639471,99_Bahnsteig_PF,99_Bahnsteig_PF,99_Bahnsteig_PF
1770723,63781144639482,99_Bahnsteig_PF,99_Bahnsteig_PF,99_Bahnsteig_PF
1770731,63781144639494,99_Bahnsteig_PF,99_Bahnsteig_PF,99_Bahnsteig_PF
1770748,63781144639504,99_Bahnsteig_PF,99_Bahnsteig_PF,99_Bahnsteig_PF
1770756,63781144639515,99_Bahnsteig_PF,99_Bahnsteig_PF,99_Bahnsteig_PF
1770765,63781144639527,99_Bahnsteig_PF,99_Bahnsteig_PF,99_Bahnsteig_PF
1770781,63781144639538,99_Bahnsteig_PF,99_Bahnsteig_PF,99_Bahnsteig_PF
1770790,63781144639549,99_Bahnsteig_PF,99_Bahnsteig_PF,99_Bahnsteig_PF
1770798,63781144639560,99_Bahnsteig_PF,99_Bahnsteig_PF,99_Bahnsteig_PF
1770815,63781144639571,99_Bahnsteig_PF,99_Bahnsteig_PF,99_Bahnsteig_PF
1770823,63781144639582,99_Bahnsteig_PF,99_Bahnsteig_PF,99_Bahnsteig_PF
1770831,63781144639593,99_Bahnsteig_PF,99_Bahnsteig_PF,99_Bahnsteig_PF
1770848,63781144639605,99_Bahnsteig_PF,99_Bahnsteig_PF,99_Bahnsteig_PF
1770856,63781144639616,99_Bahnsteig_PF,99_Bahnsteig_PF,99_Bahnsteig_PF
1770873,63781144639628,99_Bahnsteig_PF,99_Bahnsteig_PF,99_Bahnsteig_PF
1770881,63781144639639,99_Bahnsteig_PF,99_Bahnsteig_PF,99_Bahnsteig_PF
1770890,63781144639650,99_Bahnsteig_PF,99_Bahnsteig_PF,99_Bahnsteig_PF
1770906,63781144639662,99_Bahnsteig_PF,99_Bahnsteig_PF,99_Bahnsteig_PF
1770915,63781144639673,99_Bahnsteig_PF,99_Bahnsteig_PF,99_Bahnsteig_PF
1770923,63781144639684,99_Bahnsteig_PF,99_Bahnsteig_PF,99_Bahnsteig_PF
1770940,63781144639696,99_Bahnsteig_PF,99_Bahnsteig_PF,99_Bahnsteig_PF
1770948,63781144639708,99_Bahnsteig_PF,99_Bahnsteig_PF,99_Bahnsteig_PF
1770956,63781144639718,99_Bahnsteig_PF,99_Bahnsteig_PF,99_Bahnsteig_PF
1770973,63781144639730,99_Bahnsteig_PF,99_Bahnsteig_PF,99_Bahnsteig_PF
1770981,63781144639742,99_Bahnsteig_PF,99_Bahnsteig_PF,99_Bahnsteig_PF
1770998,63781144639753,99_Bahnsteig_PF,99_Bahnsteig_PF,99_Bahnsteig_PF
1771006,63781144639764,99_Bahnsteig_PF,99_Bahnsteig_PF,99_Bahnsteig_PF
1771015,63781144639776,99_Bahnsteig_PF,99_Bahnsteig_PF,99_Bahnsteig_PF
1771031,63781144639787,99_Bahnsteig_PF,99_Bahnsteig_PF,99_Bahnsteig_PF
1771040,63781144639798,99_Bahnsteig_PF,99_Bahnsteig_PF,99_Bahnsteig_PF
1771048,63781144639809,99_Bahnsteig_PF,99_Bahnsteig_PF,99_Bahnsteig_PF
1771065,63781144639820,99_Bahnsteig_PF,99_Bahnsteig_PF,99_Bahnsteig_PF
1771073,63781144639831,99_Bahnsteig_PF,99_Bahnsteig_PF,99_Bahnsteig_PF
1771081,63781144639842,99_Bahnsteig_PF,99_Bahnsteig_PF,99_Bahnsteig_PF
1771098,63781144639853,99_Bahnsteig_PF,99_Bahnsteig_PF,99_Bahnsteig_PF
1771106,63781144639865,99_Bahnsteig_PF,99_Bahnsteig_PF,99_Bahnsteig_PF
1771115,63781144639875,99_Bahnsteig_PF,99_Bahnsteig_PF,99_Bahnsteig_PF
1771131,63781144639886,99_Bahnsteig_PF,99_Bahnsteig_PF,99_Bahnsteig_PF
1771140,63781144639897,99_Bahnsteig_PF,99_Bahnsteig_PF,99_Bahnsteig_PF
1771148,63781144639908,99_Bahnsteig_PF,99_Bahnsteig_PF,99_Bahnsteig_PF
1771165,63781144639919,None,None,None
1771173,63781144639930,99_Bahnsteig_PF,99_Bahnsteig_PF,99_Bahnsteig_PF
1771181,63781144639942,99_Bahnsteig_PF,99_Bahnsteig_PF,99_Bahnsteig_PF
1771190,63781144639953,99_Bahnsteig_PF,99_Bahnsteig_PF,99_Bahnsteig_PF
1771206,63781144639964,99_Bahnsteig_PF,99_Bahnsteig_PF,99_Bahnsteig_PF
1771215,63781144639975,99_Bahnsteig_PF,99_Bahnsteig_PF,99_Bahnsteig_PF
1771223,63781144639986,99_Bahnsteig_PF,99_Bahnsteig_PF,99_Bahnsteig_PF
1771240,63781144639997,99_Bahnsteig_PF,99_Bahnsteig_PF,99_Bahnsteig_PF
1771248,63781144640008,99_Bahnsteig_PF,99_Bahnsteig_PF,99_Bahnsteig_PF
1771265,63781144640019,99_Bahnsteig_PF,99_Bahnsteig_PF,99_Bahnsteig_PF
1771273,63781144640030,99_Bahnsteig_PF,99_Bahnsteig_PF,99_Bahnsteig_PF
1771281,63781144640041,99_Bahnsteig_PF,99_Bahnsteig_PF,99_Bahnsteig_PF
1771289,63781144640052,99_Bahnsteig_PF,99_Bahnsteig_PF,99_Bahnsteig_PF
1771306,63781144640064,99_Bahnsteig_PF,99_Bahnsteig_PF,99_Bahnsteig_PF
1771314,63781144640074,99_Bahnsteig_PF,99_Bahnsteig_PF,99_Bahnsteig_PF
1771331,63781144640087,99_Bahnsteig_PF,99_Bahnsteig_PF,99_Bahnsteig_PF
1771339,63781144640097,99_Bahnsteig_PF,99_Bahnsteig_PF,99_Bahnsteig_PF
1771348,63781144640108,99_Bahnsteig_PF,99_Bahnsteig_PF,99_Bahnsteig_PF
1771364,63781144640119,None,None,None
1771373,63781144640131,99_Bahnsteig_PF,99_Bahnsteig_PF,99_Bahnsteig_PF
1771381,63781144640141,99_Bahnsteig_PF,99_Bahnsteig_PF,99_Bahnsteig_PF
1771389,63781144640152,99_Bahnsteig_PF,99_Bahnsteig_PF,99_Bahnsteig_PF
1771406,63781144640163,99_Bahnsteig_PF,99_Bahnsteig_PF,99_Bahnsteig_PF
1771414,63781144640175,99_Bahnsteig_PF,99_Bahnsteig_PF,99_Bahnsteig_PF
1771423,63781144640186,99_Bahnsteig_PF,99_Bahnsteig_PF,99_Bahnsteig_PF
1771439,63781144640197,99_Bahnsteig_PF,99_Bahnsteig_PF,99_Bahnsteig_PF
1771448,63781144640208,99_Bahnsteig_PF,99_Bahnsteig_PF,99_Bahnsteig_PF
1771464,63781144640219,99_Bahnsteig_PF,99_Bahnsteig_PF,99_Bahnsteig_PF
1771473,63781144640230,99_Bahnsteig_PF,99_Bahnsteig_PF,99_Bahnsteig_PF
1771481,63781144640241,99_Bahnsteig_PF,99_Bahnsteig_PF,99_Bahnsteig_PF
1771498,63781144640252,None,None,None
1771506,63781144640263,99_Bahnsteig_PF,99_Bahnsteig_PF,99_Bahnsteig_PF
1771514,63781144640274,99_Bahnsteig_PF,99_Bahnsteig_PF,99_Bahnsteig_PF
1771523,63781144640285,99_Bahnsteig_PF,99_Bahnsteig_PF,99_Bahnsteig_PF
1771539,63781144640297,99_Bahnsteig_PF,99_Bahnsteig_PF,99_Bahnsteig_PF
1771548,63781144640308,99_Bahnsteig_PF,99_Bahnsteig_PF,99_Bahnsteig_PF
1771564,63781144640319,99_Bahnsteig_PF,99_Bahnsteig_PF,99_Bahnsteig_PF
1771573,63781144640330,99_Bahnsteig_PF,99_Bahnsteig_PF,99_Bahnsteig_PF
1771581,63781144640341,99_Bahnsteig_PF,99_Bahnsteig_PF,99_Bahnsteig_PF
1771598,63781144640352,99_Bahnsteig_PF,99_Bahnsteig_PF,99_Bahnsteig_PF
1771606,63781144640363,99_Bahnsteig_PF,99_Bahnsteig_PF,99_Bahnsteig_PF
1771614,63781144640374,99_Bahnsteig_PF,99_Bahnsteig_PF,99_Bahnsteig_PF
1771623,63781144640386,99_Bahnsteig_PF,99_Bahnsteig_PF,99_Bahnsteig_PF
1771639,63781144640396,99_Bahnsteig_PF,99_Bahnsteig_PF,99_Bahnsteig_PF
1771648,63781144640408,99_Bahnsteig_PF,99_Bahnsteig_PF,99_Bahnsteig_PF
1771656,63781144640419,99_Bahnsteig_PF,99_Bahnsteig_PF,99_Bahnsteig_PF
1771673,63781144640431,99_Bahnsteig_PF,99_Bahnsteig_PF,99_Bahnsteig_PF
1771681,63781144640441,99_Bahnsteig_PF,99_Bahnsteig_PF,99_Bahnsteig_PF
1771689,63781144640452,99_Bahnsteig_PF,99_Bahnsteig_PF,99_Bahnsteig_PF
1771706,63781144640463,99_Bahnsteig_PF,99_Bahnsteig_PF,99_Bahnsteig_PF
1771714,63781144640474,99_Bahnsteig_PF,99_Bahnsteig_PF,99_Bahnsteig_PF
1771731,63781144640486,99_Bahnsteig_PF,99_Bahnsteig_PF,99_Bahnsteig_PF
1771739,63781144640497,99_Bahnsteig_PF,99_Bahnsteig_PF,99_Bahnsteig_PF
1771748,63781144640508,99_Bahnsteig_PF,99_Bahnsteig_PF,99_Bahnsteig_PF
1771756,63781144640519,99_Bahnsteig_PF,99_Bahnsteig_PF,99_Bahnsteig_PF
1771773,63781144640530,99_Bahnsteig_PF,99_Bahnsteig_PF,99_Bahnsteig_PF
1771781,63781144640541,99_Bahnsteig_PF,99_Bahnsteig_PF,99_Bahnsteig_PF
1771789,63781144640552,99_Bahnsteig_PF,99_Bahnsteig_PF,99_Bahnsteig_PF
1771806,63781144640563,99_Bahnsteig_PF,99_Bahnsteig_PF,99_Bahnsteig_PF
1771814,63781144640574,99_Bahnsteig_PF,99_Bahnsteig_PF,99_Bahnsteig_PF
1771823,63781144640585,99_Bahnsteig_PF,99_Bahnsteig_PF,99_Bahnsteig_PF
1771839,63781144640596,99_Bahnsteig_PF,99_Bahnsteig_PF,99_Bahnsteig_PF
1771848,63781144640607,99_Bahnsteig_PF,99_Bahnsteig_PF,99_Bahnsteig_PF
1771864,63781144640619,None,None,None
1771873,63781144640630,99_Bahnsteig_PF,99_Bahnsteig_PF,99_Bahnsteig_PF
1771881,63781144640641,99_Bahnsteig_PF,99_Bahnsteig_PF,99_Bahnsteig_PF
1771889,63781144640652,99_Bahnsteig_PF,99_Bahnsteig_PF,99_Bahnsteig_PF
1771906,63781144640663,99_Bahnsteig_PF,99_Bahnsteig_PF,99_Bahnsteig_PF
1771914,63781144640674,99_Bahnsteig_PF,99_Bahnsteig_PF,99_Bahnsteig_PF
1771923,63781144640685,99_Bahnsteig_PF,99_Bahnsteig_PF,99_Bahnsteig_PF
1771939,63781144640696,99_Bahnsteig_PF,99_Bahnsteig_PF,99_Bahnsteig_PF
1771948,63781144640707,99_Bahnsteig_PF,99_Bahnsteig_PF,99_Bahnsteig_PF
1771964,63781144640719,None,None,None
1771973,63781144640730,99_Bahnsteig_PF,99_Bahnsteig_PF,99_Bahnsteig_PF
1771981,63781144640741,99_Bahnsteig_PF,99_Bahnsteig_PF,99_Bahnsteig_PF
1771989,63781144640752,99_Bahnsteig_PF,99_Bahnsteig_PF,99_Bahnsteig_PF
1772006,63781144640763,99_Bahnsteig_PF,99_Bahnsteig_PF,99_Bahnsteig_PF
1772014,63781144640775,99_Bahnsteig_PF,99_Bahnsteig_PF,99_Bahnsteig_PF
1772023,63781144640785,99_Bahnsteig_PF,99_Bahnsteig_PF,99_Bahnsteig_PF
1772039,63781144640797,99_Bahnsteig_PF,99_Bahnsteig_PF,99_Bahnsteig_PF
1772048,63781144640807,99_Bahnsteig_PF,99_Bahnsteig_PF,99_Bahnsteig_PF
1772056,63781144640818,99_Bahnsteig_PF,99_Bahnsteig_PF,99_Bahnsteig_PF
1772073,63781144640830,99_Bahnsteig_PF,99_Bahnsteig_PF,99_Bahnsteig_PF
1772081,63781144640841,99_Bahnsteig_PF,99_Bahnsteig_PF,99_Bahnsteig_PF
1772089,63781144640852,99_Bahnsteig_PF,99_Bahnsteig_PF,99_Bahnsteig_PF
1772106,63781144640863,99_Bahnsteig_PF,99_Bahnsteig_PF,99_Bahnsteig_PF
1772114,63781144640874,99_Bahnsteig_PF,99_Bahnsteig_PF,99_Bahnsteig_PF
1772123,63781144640885,99_Bahnsteig_PF,99_Bahnsteig_PF,99_Bahnsteig_PF
1772139,63781144640896,99_Bahnsteig_PF,99_Bahnsteig_PF,99_Bahnsteig_PF
1772148,63781144640907,99_Bahnsteig_PF,99_Bahnsteig_PF,99_Bahnsteig_PF
1772156,63781144640918,99_Bahnsteig_PF,99_Bahnsteig_PF,99_Bahnsteig_PF
1772173,63781144640930,99_Bahnsteig_PF,99_Bahnsteig_PF,99_Bahnsteig_PF
1772181,63781144640941,99_Bahnsteig_PF,99_Bahnsteig_PF,99_Bahnsteig_PF
1772189,63781144640952,None,None,None
1772206,63781144640963,99_Bahnsteig_PF,99_Bahnsteig_PF,99_Bahnsteig_PF
1772214,63781144640974,99_Bahnsteig_PF,99_Bahnsteig_PF,99_Bahnsteig_PF
1772223,63781144640985,99_Bahnsteig_PF,99_Bahnsteig_PF,99_Bahnsteig_PF
1772239,63781144640996,99_Bahnsteig_PF,99_Bahnsteig_PF,99_Bahnsteig_PF
1772248,63781144641007,99_Bahnsteig_PF,99_Bahnsteig_PF,99_Bahnsteig_PF
1772256,63781144641019,99_Bahnsteig_PF,99_Bahnsteig_PF,99_Bahnsteig_PF
1772273,63781144641030,99_Bahnsteig_PF,99_Bahnsteig_PF,99_Bahnsteig_PF
1772281,63781144641041,99_Bahnsteig_PF,99_Bahnsteig_PF,99_Bahnsteig_PF
1772289,63781144641052,99_Bahnsteig_PF,99_Bahnsteig_PF,99_Bahnsteig_PF
1772306,63781144641063,99_Bahnsteig_PF,99_Bahnsteig_PF,99_Bahnsteig_PF
1772314,63781144641074,99_Bahnsteig_PF,99_Bahnsteig_PF,99_Bahnsteig_PF
1772331,63781144641085,99_Bahnsteig_PF,99_Bahnsteig_PF,99_Bahnsteig_PF
1772339,63781144641096,99_Bahnsteig_PF,99_Bahnsteig_PF,99_Bahnsteig_PF
1772348,63781144641107,99_Bahnsteig_PF,99_Bahnsteig_PF,99_Bahnsteig_PF
1772364,63781144641119,99_Bahnsteig_PF,99_Bahnsteig_PF,99_Bahnsteig_PF
1772373,63781144641130,99_Bahnsteig_PF,99_Bahnsteig_PF,99_Bahnsteig_PF
1772381,63781144641141,99_Bahnsteig_PF,99_Bahnsteig_PF,99_Bahnsteig_PF
1772389,63781144641152,99_Bahnsteig_PF,99_Bahnsteig_PF,99_Bahnsteig_PF
1772406,63781144641163,99_Bahnsteig_PF,99_Bahnsteig_PF,99_Bahnsteig_PF
1772414,63781144641174,99_Bahnsteig_PF,99_Bahnsteig_PF,99_Bahnsteig_PF
1772423,63781144641185,99_Bahnsteig_PF,99_Bahnsteig_PF,99_Bahnsteig_PF
1772439,63781144641196,99_Bahnsteig_PF,99_Bahnsteig_PF,99_Bahnsteig_PF
1772448,63781144641208,99_Bahnsteig_PF,99_Bahnsteig_PF,99_Bahnsteig_PF
1772456,63781144641218,99_Bahnsteig_PF,99_Bahnsteig_PF,99_Bahnsteig_PF
1772473,63781144641230,99_Bahnsteig_PF,99_Bahnsteig_PF,99_Bahnsteig_PF
1772481,63781144641241,99_Bahnsteig_PF,99_Bahnsteig_PF,99_Bahnsteig_PF
1772489,63781144641252,99_Bahnsteig_PF,99_Bahnsteig_PF,99_Bahnsteig_PF
1772506,63781144641263,99_Bahnsteig_PF,99_Bahnsteig_PF,99_Bahnsteig_PF
1772514,63781144641274,99_Bahnsteig_PF,99_Bahnsteig_PF,99_Bahnsteig_PF
1772523,63781144641285,99_Bahnsteig_PF,99_Bahnsteig_PF,99_Bahnsteig_PF
1772539,63781144641296,99_Bahnsteig_PF,99_Bahnsteig_PF,99_Bahnsteig_PF
1772548,63781144641307,99_Bahnsteig_PF,99_Bahnsteig_PF,99_Bahnsteig_PF
1772556,63781144641318,99_Bahnsteig_PF,99_Bahnsteig_PF,99_Bahnsteig_PF
1772573,63781144641330,99_Bahnsteig_PF,99_Bahnsteig_PF,99_Bahnsteig_PF
1772581,63781144641341,99_Bahnsteig_PF,99_Bahnsteig_PF,99_Bahnsteig_PF
1772589,63781144641352,99_Bahnsteig_PF,99_Bahnsteig_PF,99_Bahnsteig_PF
1772606,63781144641362,99_Bahnsteig_PF,99_Bahnsteig_PF,99_Bahnsteig_PF
1772614,63781144641374,99_Bahnsteig_PF,99_Bahnsteig_PF,99_Bahnsteig_PF
1772623,63781144641385,99_Bahnsteig_PF,99_Bahnsteig_PF,99_Bahnsteig_PF
1772639,63781144641396,99_Bahnsteig_PF,99_Bahnsteig_PF,99_Bahnsteig_PF
1772648,63781144641407,99_Bahnsteig_PF,99_Bahnsteig_PF,99_Bahnsteig_PF
1772656,63781144641419,99_Bahnsteig_PF,99_Bahnsteig_PF,99_Bahnsteig_PF
1772673,63781144641429,99_Bahnsteig_PF,99_Bahnsteig_PF,99_Bahnsteig_PF
1772681,63781144641440,99_Bahnsteig_PF,99_Bahnsteig_PF,99_Bahnsteig_PF
1772689,63781144641452,99_Bahnsteig_PF,99_Bahnsteig_PF,99_Bahnsteig_PF
1772706,63781144641463,99_Bahnsteig_PF,99_Bahnsteig_PF,99_Bahnsteig_PF
1772714,63781144641473,99_Bahnsteig_PF,99_Bahnsteig_PF,99_Bahnsteig_PF
1772723,63781144641485,99_Bahnsteig_PF,99_Bahnsteig_PF,99_Bahnsteig_PF
1772739,63781144641496,99_Bahnsteig_PF,99_Bahnsteig_PF,99_Bahnsteig_PF
1772748,63781144641507,99_Bahnsteig_PF,99_Bahnsteig_PF,99_Bahnsteig_PF
1772756,63781144641518,99_Bahnsteig_PF,99_Bahnsteig_PF,99_Bahnsteig_PF
1772773,63781144641529,99_Bahnsteig_PF,99_Bahnsteig_PF,99_Bahnsteig_PF
1772781,63781144641540,99_Bahnsteig_PF,99_Bahnsteig_PF,99_Bahnsteig_PF
1772789,63781144641552,99_Bahnsteig_PF,99_Bahnsteig_PF,99_Bahnsteig_PF
1772806,63781144641563,99_Bahnsteig_PF,99_Bahnsteig_PF,99_Bahnsteig_PF
1772814,63781144641574,99_Bahnsteig_PF,99_Bahnsteig_PF,99_Bahnsteig_PF
1772822,63781144641585,99_Bahnsteig_PF,99_Bahnsteig_PF,99_Bahnsteig_PF
1772839,63781144641596,99_Bahnsteig_PF,99_Bahnsteig_PF,99_Bahnsteig_PF
1772847,63781144641607,99_Bahnsteig_PF,99_Bahnsteig_PF,99_Bahnsteig_PF
1772856,63781144641618,99_Bahnsteig_PF,99_Bahnsteig_PF,99_Bahnsteig_PF
1772872,63781144641629,99_Bahnsteig_PF,99_Bahnsteig_PF,99_Bahnsteig_PF
1772881,63781144641640,99_Bahnsteig_PF,99_Bahnsteig_PF,99_Bahnsteig_PF
1772889,63781144641652,99_Bahnsteig_PF,99_Bahnsteig_PF,99_Bahnsteig_PF
1772906,63781144641663,99_Bahnsteig_PF,99_Bahnsteig_PF,99_Bahnsteig_PF
1772914,63781144641673,99_Bahnsteig_PF,99_Bahnsteig_PF,99_Bahnsteig_PF
1772922,63781144641685,99_Bahnsteig_PF,99_Bahnsteig_PF,99_Bahnsteig_PF
1772939,63781144641696,99_Bahnsteig_PF,99_Bahnsteig_PF,99_Bahnsteig_PF
1772947,63781144641707,99_Bahnsteig_PF,99_Bahnsteig_PF,99_Bahnsteig_PF
1772956,63781144641718,99_Bahnsteig_PF,99_Bahnsteig_PF,99_Bahnsteig_PF
1772972,63781144641730,99_Bahnsteig_PF,99_Bahnsteig_PF,99_Bahnsteig_PF
1772981,63781144641740,99_Bahnsteig_PF,99_Bahnsteig_PF,99_Bahnsteig_PF
1772989,63781144641752,99_Bahnsteig_PF,99_Bahnsteig_PF,99_Bahnsteig_PF
1773006,63781144641762,99_Bahnsteig_PF,99_Bahnsteig_PF,99_Bahnsteig_PF
1773014,63781144641774,99_Bahnsteig_PF,99_Bahnsteig_PF,99_Bahnsteig_PF
1773022,63781144641785,99_Bahnsteig_PF,99_Bahnsteig_PF,99_Bahnsteig_PF
1773039,63781144641796,99_Bahnsteig_PF,99_Bahnsteig_PF,99_Bahnsteig_PF
1773047,63781144641807,99_Bahnsteig_PF,99_Bahnsteig_PF,99_Bahnsteig_PF
1773056,63781144641818,99_Bahnsteig_PF,99_Bahnsteig_PF,99_Bahnsteig_PF
1773072,63781144641829,99_Bahnsteig_PF,99_Bahnsteig_PF,99_Bahnsteig_PF
1773081,63781144641840,99_Bahnsteig_PF,99_Bahnsteig_PF,99_Bahnsteig_PF
1773089,63781144641851,99_Bahnsteig_PF,99_Bahnsteig_PF,99_Bahnsteig_PF
1773106,63781144641863,99_Bahnsteig_PF,99_Bahnsteig_PF,99_Bahnsteig_PF
1773114,63781144641873,99_Bahnsteig_PF,99_Bahnsteig_PF,99_Bahnsteig_PF
1773122,63781144641885,99_Bahnsteig_PF,99_Bahnsteig_PF,99_Bahnsteig_PF
1773139,63781144641896,99_Bahnsteig_PF,99_Bahnsteig_PF,99_Bahnsteig_PF
1773147,63781144641907,99_Bahnsteig_PF,99_Bahnsteig_PF,99_Bahnsteig_PF
1773156,63781144641918,99_Bahnsteig_PF,99_Bahnsteig_PF,99_Bahnsteig_PF
1773172,63781144641929,99_Bahnsteig_PF,99_Bahnsteig_PF,99_Bahnsteig_PF
1773181,63781144641940,99_Bahnsteig_PF,99_Bahnsteig_PF,99_Bahnsteig_PF
1773189,63781144641951,99_Bahnsteig_PF,99_Bahnsteig_PF,99_Bahnsteig_PF
1773206,63781144641963,99_Bahnsteig_PF,99_Bahnsteig_PF,99_Bahnsteig_PF
1773214,63781144641973,99_Bahnsteig_PF,99_Bahnsteig_PF,99_Bahnsteig_PF
1773222,63781144641984,99_Bahnsteig_PF,99_Bahnsteig_PF,99_Bahnsteig_PF
1773239,63781144641996,99_Bahnsteig_PF,99_Bahnsteig_PF,99_Bahnsteig_PF
1773247,63781144642007,99_Bahnsteig_PF,99_Bahnsteig_PF,99_Bahnsteig_PF
1773256,63781144642018,99_Bahnsteig_PF,99_Bahnsteig_PF,99_Bahnsteig_PF
1773272,63781144642029,99_Bahnsteig_PF,99_Bahnsteig_PF,99_Bahnsteig_PF
1773281,63781144642040,99_Bahnsteig_PF,99_Bahnsteig_PF,99_Bahnsteig_PF
1773289,63781144642051,99_Bahnsteig_PF,99_Bahnsteig_PF,99_Bahnsteig_PF
1773306,63781144642062,99_Bahnsteig_PF,99_Bahnsteig_PF,99_Bahnsteig_PF
1773314,63781144642073,99_Bahnsteig_PF,99_Bahnsteig_PF,99_Bahnsteig_PF
1773322,63781144642084,99_Bahnsteig_PF,99_Bahnsteig_PF,99_Bahnsteig_PF
1773339,63781144642095,99_Bahnsteig_PF,99_Bahnsteig_PF,99_Bahnsteig_PF
1773347,63781144642106,99_Bahnsteig_PF,99_Bahnsteig_PF,99_Bahnsteig_PF
1773356,63781144642118,99_Bahnsteig_PF,99_Bahnsteig_PF,99_Bahnsteig_PF
1773372,63781144642129,99_Bahnsteig_PF,99_Bahnsteig_PF,99_Bahnsteig_PF
1773381,63781144642140,99_Bahnsteig_PF,99_Bahnsteig_PF,99_Bahnsteig_PF
1773397,63781144642152,99_Bahnsteig_PF,99_Bahnsteig_PF,99_Bahnsteig_PF
1773406,63781144642162,99_Bahnsteig_PF,99_Bahnsteig_PF,99_Bahnsteig_PF
1773414,63781144642173,99_Bahnsteig_PF,99_Bahnsteig_PF,99_Bahnsteig_PF
1773422,63781144642184,99_Bahnsteig_PF,99_Bahnsteig_PF,99_Bahnsteig_PF
1773439,63781144642196,99_Bahnsteig_PF,99_Bahnsteig_PF,99_Bahnsteig_PF
1773447,63781144642207,99_Bahnsteig_PF,99_Bahnsteig_PF,99_Bahnsteig_PF
1773456,63781144642218,99_Bahnsteig_PF,99_Bahnsteig_PF,99_Bahnsteig_PF
1773472,63781144642229,99_Bahnsteig_PF,99_Bahnsteig_PF,99_Bahnsteig_PF
1773481,63781144642240,99_Bahnsteig_PF,99_Bahnsteig_PF,99_Bahnsteig_PF
1773489,63781144642251,99_Bahnsteig_PF,99_Bahnsteig_PF,99_Bahnsteig_PF
1773506,63781144642262,99_Bahnsteig_PF,99_Bahnsteig_PF,99_Bahnsteig_PF
1773514,63781144642273,99_Bahnsteig_PF,99_Bahnsteig_PF,99_Bahnsteig_PF
1773522,63781144642284,99_Bahnsteig_PF,99_Bahnsteig_PF,99_Bahnsteig_PF
1773539,63781144642295,99_Bahnsteig_PF,99_Bahnsteig_PF,99_Bahnsteig_PF
1773547,63781144642306,99_Bahnsteig_PF,99_Bahnsteig_PF,99_Bahnsteig_PF
1773556,63781144642317,99_Bahnsteig_PF,99_Bahnsteig_PF,99_Bahnsteig_PF
1773572,63781144642329,99_Bahnsteig_PF,99_Bahnsteig_PF,99_Bahnsteig_PF
1773581,63781144642340,99_Bahnsteig_PF,99_Bahnsteig_PF,99_Bahnsteig_PF
1773589,63781144642351,99_Bahnsteig_PF,99_Bahnsteig_PF,99_Bahnsteig_PF
1773606,63781144642362,99_Bahnsteig_PF,99_Bahnsteig_PF,99_Bahnsteig_PF
1773614,63781144642373,99_Bahnsteig_PF,99_Bahnsteig_PF,99_Bahnsteig_PF
1773622,63781144642384,99_Bahnsteig_PF,99_Bahnsteig_PF,99_Bahnsteig_PF
1773639,63781144642396,99_Bahnsteig_PF,99_Bahnsteig_PF,99_Bahnsteig_PF
1773647,63781144642407,99_Bahnsteig_PF,99_Bahnsteig_PF,99_Bahnsteig_PF
1773656,63781144642418,99_Bahnsteig_PF,99_Bahnsteig_PF,99_Bahnsteig_PF
1773672,63781144642429,99_Bahnsteig_PF,99_Bahnsteig_PF,99_Bahnsteig_PF
1773681,63781144642440,99_Bahnsteig_PF,99_Bahnsteig_PF,99_Bahnsteig_PF
1773689,63781144642451,99_Bahnsteig_PF,99_Bahnsteig_PF,99_Bahnsteig_PF
1773706,63781144642462,99_Bahnsteig_PF,99_Bahnsteig_PF,99_Bahnsteig_PF
1773714,63781144642473,99_Bahnsteig_PF,99_Bahnsteig_PF,99_Bahnsteig_PF
1773722,63781144642484,99_Bahnsteig_PF,99_Bahnsteig_PF,99_Bahnsteig_PF
1773739,63781144642496,99_Bahnsteig_PF,99_Bahnsteig_PF,99_Bahnsteig_PF
1773747,63781144642507,99_Bahnsteig_PF,99_Bahnsteig_PF,99_Bahnsteig_PF
1773756,63781144642518,99_Bahnsteig_PF,99_Bahnsteig_PF,99_Bahnsteig_PF
1773772,63781144642529,99_Bahnsteig_PF,99_Bahnsteig_PF,99_Bahnsteig_PF
1773781,63781144642540,99_Bahnsteig_PF,99_Bahnsteig_PF,99_Bahnsteig_PF
1773789,63781144642551,99_Bahnsteig_PF,99_Bahnsteig_PF,99_Bahnsteig_PF
1773806,63781144642562,99_Bahnsteig_PF,99_Bahnsteig_PF,99_Bahnsteig_PF
1773814,63781144642573,99_Bahnsteig_PF,99_Bahnsteig_PF,99_Bahnsteig_PF
1773822,63781144642584,99_Bahnsteig_PF,99_Bahnsteig_PF,99_Bahnsteig_PF
1773839,63781144642595,99_Bahnsteig_PF,99_Bahnsteig_PF,99_Bahnsteig_PF
1773847,63781144642606,99_Bahnsteig_PF,99_Bahnsteig_PF,99_Bahnsteig_PF
1773856,63781144642618,99_Bahnsteig_PF,99_Bahnsteig_PF,99_Bahnsteig_PF
1773872,63781144642629,99_Bahnsteig_PF,99_Bahnsteig_PF,99_Bahnsteig_PF
1773881,63781144642639,99_Bahnsteig_PF,99_Bahnsteig_PF,99_Bahnsteig_PF
1773889,63781144642651,99_Bahnsteig_PF,99_Bahnsteig_PF,99_Bahnsteig_PF
1773906,63781144642667,99_Bahnsteig_PF,99_Bahnsteig_PF,99_Bahnsteig_PF
1773914,63781144642673,99_Bahnsteig_PF,99_Bahnsteig_PF,99_Bahnsteig_PF
1773922,63781144642682,99_Bahnsteig_PF,99_Bahnsteig_PF,99_Bahnsteig_PF
1773931,63781144642693,99_Bahnsteig_PF,99_Bahnsteig_PF,99_Bahnsteig_PF
1773947,63781144642704,99_Bahnsteig_PF,99_Bahnsteig_PF,99_Bahnsteig_PF
1773956,63781144642715,99_Bahnsteig_PF,99_Bahnsteig_PF,99_Bahnsteig_PF
1773964,63781144642726,99_Bahnsteig_PF,99_Bahnsteig_PF,99_Bahnsteig_PF
1773981,63781144642737,99_Bahnsteig_PF,99_Bahnsteig_PF,99_Bahnsteig_PF
1773989,63781144642748,99_Bahnsteig_PF,99_Bahnsteig_PF,99_Bahnsteig_PF
1773997,63781144642759,99_Bahnsteig_PF,99_Bahnsteig_PF,99_Bahnsteig_PF
1774014,63781144642771,99_Bahnsteig_PF,99_Bahnsteig_PF,99_Bahnsteig_PF
1774022,63781144642782,99_Bahnsteig_PF,99_Bahnsteig_PF,99_Bahnsteig_PF
1774031,63781144642793,99_Bahnsteig_PF,99_Bahnsteig_PF,99_Bahnsteig_PF
1774047,63781144642804,99_Bahnsteig_PF,99_Bahnsteig_PF,99_Bahnsteig_PF
1774056,63781144642815,99_Bahnsteig_PF,99_Bahnsteig_PF,99_Bahnsteig_PF
1774064,63781144642826,99_Bahnsteig_PF,99_Bahnsteig_PF,99_Bahnsteig_PF
1774081,63781144642838,99_Bahnsteig_PF,99_Bahnsteig_PF,99_Bahnsteig_PF
1774089,63781144642848,99_Bahnsteig_PF,99_Bahnsteig_PF,99_Bahnsteig_PF
1774097,63781144642859,99_Bahnsteig_PF,99_Bahnsteig_PF,99_Bahnsteig_PF
1774114,63781144642871,99_Bahnsteig_PF,99_Bahnsteig_PF,99_Bahnsteig_PF
1774122,63781144642882,99_Bahnsteig_PF,99_Bahnsteig_PF,99_Bahnsteig_PF
1774131,63781144642893,99_Bahnsteig_PF,99_Bahnsteig_PF,99_Bahnsteig_PF
1774147,63781144642904,99_Bahnsteig_PF,99_Bahnsteig_PF,99_Bahnsteig_PF
1774156,63781144642915,99_Bahnsteig_PF,99_Bahnsteig_PF,99_Bahnsteig_PF
1774172,63781144642926,99_Bahnsteig_PF,99_Bahnsteig_PF,99_Bahnsteig_PF
1774181,63781144642937,99_Bahnsteig_PF,99_Bahnsteig_PF,99_Bahnsteig_PF
1774189,63781144642948,99_Bahnsteig_PF,99_Bahnsteig_PF,99_Bahnsteig_PF
1774206,63781144642960,None,99_Bahnsteig_PF,99_Bahnsteig_PF
1774214,63781144642970,99_Bahnsteig_PF,99_Bahnsteig_PF,99_Bahnsteig_PF
1774222,63781144642982,99_Bahnsteig_PF,99_Bahnsteig_PF,99_Bahnsteig_PF
1774231,63781144642993,99_Bahnsteig_PF,99_Bahnsteig_PF,99_Bahnsteig_PF
1774247,63781144643004,99_Bahnsteig_PF,99_Bahnsteig_PF,99_Bahnsteig_PF
1774255,63781144643015,99_Bahnsteig_PF,99_Bahnsteig_PF,99_Bahnsteig_PF
1774272,63781144643027,99_Bahnsteig_PF,99_Bahnsteig_PF,99_Bahnsteig_PF
1774280,63781144643037,99_Bahnsteig_PF,99_Bahnsteig_PF,99_Bahnsteig_PF
1774289,63781144643049,99_Bahnsteig_PF,99_Bahnsteig_PF,99_Bahnsteig_PF
1774306,63781144643060,99_Bahnsteig_PF,99_Bahnsteig_PF,99_Bahnsteig_PF
1774314,63781144643071,99_Bahnsteig_PF,99_Bahnsteig_PF,99_Bahnsteig_PF
1774322,63781144643083,99_Bahnsteig_PF,99_Bahnsteig_PF,99_Bahnsteig_PF
1774339,63781144643094,99_Bahnsteig_PF,99_Bahnsteig_PF,99_Bahnsteig_PF
1774347,63781144643105,99_Bahnsteig_PF,99_Bahnsteig_PF,99_Bahnsteig_PF
1774356,63781144643116,99_Bahnsteig_PF,99_Bahnsteig_PF,99_Bahnsteig_PF
1774372,63781144643128,99_Bahnsteig_PF,99_Bahnsteig_PF,99_Bahnsteig_PF
1774381,63781144643139,99_Bahnsteig_PF,99_Bahnsteig_PF,99_Bahnsteig_PF
1774389,63781144643150,99_Bahnsteig_PF,99_Bahnsteig_PF,99_Bahnsteig_PF
1774406,63781144643162,99_Bahnsteig_PF,99_Bahnsteig_PF,99_Bahnsteig_PF
1774414,63781144643172,99_Bahnsteig_PF,99_Bahnsteig_PF,99_Bahnsteig_PF
1774422,63781144643184,99_Bahnsteig_PF,99_Bahnsteig_PF,99_Bahnsteig_PF
1774439,63781144643195,99_Bahnsteig_PF,99_Bahnsteig_PF,99_Bahnsteig_PF
1774447,63781144643206,99_Bahnsteig_PF,99_Bahnsteig_PF,99_Bahnsteig_PF
1774456,63781144643217,99_Bahnsteig_PF,99_Bahnsteig_PF,99_Bahnsteig_PF
1774472,63781144643229,99_Bahnsteig_PF,99_Bahnsteig_PF,99_Bahnsteig_PF
1774481,63781144643239,99_Bahnsteig_PF,99_Bahnsteig_PF,99_Bahnsteig_PF
1774489,63781144643250,99_Bahnsteig_PF,99_Bahnsteig_PF,99_Bahnsteig_PF
1774506,63781144643261,99_Bahnsteig_PF,99_Bahnsteig_PF,99_Bahnsteig_PF
1774514,63781144643272,99_Bahnsteig_PF,99_Bahnsteig_PF,99_Bahnsteig_PF
1774522,63781144643284,99_Bahnsteig_PF,99_Bahnsteig_PF,99_Bahnsteig_PF
1774539,63781144643295,99_Bahnsteig_PF,99_Bahnsteig_PF,99_Bahnsteig_PF
1774547,63781144643306,99_Bahnsteig_PF,99_Bahnsteig_PF,99_Bahnsteig_PF
1774556,63781144643317,99_Bahnsteig_PF,99_Bahnsteig_PF,99_Bahnsteig_PF
1774572,63781144643328,99_Bahnsteig_PF,99_Bahnsteig_PF,99_Bahnsteig_PF
1774581,63781144643339,99_Bahnsteig_PF,99_Bahnsteig_PF,99_Bahnsteig_PF
1774589,63781144643350,99_Bahnsteig_PF,99_Bahnsteig_PF,99_Bahnsteig_PF
1774606,63781144643362,99_Bahnsteig_PF,99_Bahnsteig_PF,99_Bahnsteig_PF
1774614,63781144643372,99_Bahnsteig_PF,99_Bahnsteig_PF,99_Bahnsteig_PF
1774622,63781144643384,99_Bahnsteig_PF,99_Bahnsteig_PF,99_Bahnsteig_PF
1774639,63781144643395,99_Bahnsteig_PF,99_Bahnsteig_PF,99_Bahnsteig_PF
1774647,63781144643406,99_Bahnsteig_PF,99_Bahnsteig_PF,99_Bahnsteig_PF
1774656,63781144643417,99_Bahnsteig_PF,99_Bahnsteig_PF,99_Bahnsteig_PF
1774672,63781144643428,99_Bahnsteig_PF,99_Bahnsteig_PF,99_Bahnsteig_PF
1774681,63781144643439,99_Bahnsteig_PF,99_Bahnsteig_PF,99_Bahnsteig_PF
1774689,63781144643451,99_Bahnsteig_PF,99_Bahnsteig_PF,99_Bahnsteig_PF
1774706,63781144643461,99_Bahnsteig_PF,99_Bahnsteig_PF,99_Bahnsteig_PF
1774714,63781144643473,99_Bahnsteig_PF,99_Bahnsteig_PF,99_Bahnsteig_PF
1774722,63781144643483,99_Bahnsteig_PF,99_Bahnsteig_PF,99_Bahnsteig_PF
1774739,63781144643495,99_Bahnsteig_PF,99_Bahnsteig_PF,99_Bahnsteig_PF
1774747,63781144643506,99_Bahnsteig_PF,99_Bahnsteig_PF,99_Bahnsteig_PF
1774756,63781144643517,99_Bahnsteig_PF,99_Bahnsteig_PF,99_Bahnsteig_PF
1774772,63781144643529,99_Bahnsteig_PF,99_Bahnsteig_PF,99_Bahnsteig_PF
1774781,63781144643539,99_Bahnsteig_PF,99_Bahnsteig_PF,99_Bahnsteig_PF
1774789,63781144643550,99_Bahnsteig_PF,99_Bahnsteig_PF,99_Bahnsteig_PF
1774806,63781144643561,99_Bahnsteig_PF,99_Bahnsteig_PF,99_Bahnsteig_PF
1774814,63781144643572,99_Bahnsteig_PF,99_Bahnsteig_PF,99_Bahnsteig_PF
1774822,63781144643584,99_Bahnsteig_PF,99_Bahnsteig_PF,99_Bahnsteig_PF
1774839,63781144643595,99_Bahnsteig_PF,99_Bahnsteig_PF,99_Bahnsteig_PF
1774847,63781144643606,99_Bahnsteig_PF,99_Bahnsteig_PF,99_Bahnsteig_PF
1774856,63781144643618,99_Bahnsteig_PF,99_Bahnsteig_PF,99_Bahnsteig_PF
1774872,63781144643629,99_Bahnsteig_PF,99_Bahnsteig_PF,99_Bahnsteig_PF
1774881,63781144643640,99_Bahnsteig_PF,99_Bahnsteig_PF,99_Bahnsteig_PF
1774889,63781144643651,99_Bahnsteig_PF,99_Bahnsteig_PF,99_Bahnsteig_PF
1774906,63781144643662,99_Bahnsteig_PF,99_Bahnsteig_PF,99_Bahnsteig_PF
1774914,63781144643674,99_Bahnsteig_PF,99_Bahnsteig_PF,99_Bahnsteig_PF
1774922,63781144643684,99_Bahnsteig_PF,99_Bahnsteig_PF,99_Bahnsteig_PF
1774939,63781144643696,99_Bahnsteig_PF,99_Bahnsteig_PF,99_Bahnsteig_PF
1774947,63781144643707,99_Bahnsteig_PF,99_Bahnsteig_PF,99_Bahnsteig_PF
1774956,63781144643718,99_Bahnsteig_PF,99_Bahnsteig_PF,99_Bahnsteig_PF
1774972,63781144643729,99_Bahnsteig_PF,99_Bahnsteig_PF,99_Bahnsteig_PF
1774981,63781144643740,99_Bahnsteig_PF,99_Bahnsteig_PF,99_Bahnsteig_PF
1774989,63781144643751,99_Bahnsteig_PF,99_Bahnsteig_PF,99_Bahnsteig_PF
1775006,63781144643762,99_Bahnsteig_PF,99_Bahnsteig_PF,99_Bahnsteig_PF
1775014,63781144643773,99_Bahnsteig_PF,99_Bahnsteig_PF,99_Bahnsteig_PF
1775022,63781144643784,99_Bahnsteig_PF,99_Bahnsteig_PF,99_Bahnsteig_PF
1775039,63781144643796,99_Bahnsteig_PF,99_Bahnsteig_PF,99_Bahnsteig_PF
1775047,63781144643807,99_Bahnsteig_PF,99_Bahnsteig_PF,99_Bahnsteig_PF
1775055,63781144643818,99_Bahnsteig_PF,99_Bahnsteig_PF,99_Bahnsteig_PF
1775072,63781144643829,99_Bahnsteig_PF,99_Bahnsteig_PF,99_Bahnsteig_PF
1775080,63781144643840,99_Bahnsteig_PF,99_Bahnsteig_PF,99_Bahnsteig_PF
1775089,63781144643851,99_Bahnsteig_PF,99_Bahnsteig_PF,99_Bahnsteig_PF
1775105,63781144643862,99_Bahnsteig_PF,99_Bahnsteig_PF,99_Bahnsteig_PF
1775114,63781144643873,99_Bahnsteig_PF,99_Bahnsteig_PF,99_Bahnsteig_PF
1775122,63781144643884,99_Bahnsteig_PF,99_Bahnsteig_PF,99_Bahnsteig_PF
1775139,63781144643896,99_Bahnsteig_PF,99_Bahnsteig_PF,99_Bahnsteig_PF
1775147,63781144643906,99_Bahnsteig_PF,99_Bahnsteig_PF,99_Bahnsteig_PF
1775155,63781144643918,99_Bahnsteig_PF,99_Bahnsteig_PF,99_Bahnsteig_PF
1775172,63781144643929,99_Bahnsteig_PF,99_Bahnsteig_PF,99_Bahnsteig_PF
1775180,63781144643940,99_Bahnsteig_PF,99_Bahnsteig_PF,99_Bahnsteig_PF
1775189,63781144643951,99_Bahnsteig_PF,99_Bahnsteig_PF,99_Bahnsteig_PF
1775205,63781144643962,99_Bahnsteig_PF,99_Bahnsteig_PF,99_Bahnsteig_PF
1775214,63781144643973,99_Bahnsteig_PF,99_Bahnsteig_PF,99_Bahnsteig_PF
1775222,63781144643984,99_Bahnsteig_PF,99_Bahnsteig_PF,99_Bahnsteig_PF
1775239,63781144643995,99_Bahnsteig_PF,99_Bahnsteig_PF,99_Bahnsteig_PF
1775247,63781144644006,99_Bahnsteig_PF,99_Bahnsteig_PF,99_Bahnsteig_PF
1775255,63781144644017,99_Bahnsteig_PF,99_Bahnsteig_PF,99_Bahnsteig_PF
1775272,63781144644029,99_Bahnsteig_PF,99_Bahnsteig_PF,99_Bahnsteig_PF
1775280,63781144644040,99_Bahnsteig_PF,99_Bahnsteig_PF,99_Bahnsteig_PF
1775289,63781144644051,99_Bahnsteig_PF,99_Bahnsteig_PF,99_Bahnsteig_PF
1775305,63781144644062,99_Bahnsteig_PF,99_Bahnsteig_PF,99_Bahnsteig_PF
1775314,63781144644073,99_Bahnsteig_PF,99_Bahnsteig_PF,99_Bahnsteig_PF
1775322,63781144644084,99_Bahnsteig_PF,99_Bahnsteig_PF,99_Bahnsteig_PF
1775339,63781144644096,99_Bahnsteig_PF,99_Bahnsteig_PF,99_Bahnsteig_PF
1775347,63781144644106,99_Bahnsteig_PF,99_Bahnsteig_PF,99_Bahnsteig_PF
1775355,63781144644118,99_Bahnsteig_PF,99_Bahnsteig_PF,99_Bahnsteig_PF
1775372,63781144644129,99_Bahnsteig_PF,99_Bahnsteig_PF,99_Bahnsteig_PF
1775380,63781144644139,99_Bahnsteig_PF,99_Bahnsteig_PF,99_Bahnsteig_PF
1775389,63781144644151,99_Bahnsteig_PF,99_Bahnsteig_PF,99_Bahnsteig_PF
1775405,63781144644162,99_Bahnsteig_PF,99_Bahnsteig_PF,99_Bahnsteig_PF
1775414,63781144644173,99_Bahnsteig_PF,99_Bahnsteig_PF,99_Bahnsteig_PF
1775422,63781144644184,99_Bahnsteig_PF,99_Bahnsteig_PF,99_Bahnsteig_PF
1775439,63781144644195,99_Bahnsteig_PF,99_Bahnsteig_PF,99_Bahnsteig_PF
1775447,63781144644206,99_Bahnsteig_PF,99_Bahnsteig_PF,99_Bahnsteig_PF
1775455,63781144644218,99_Bahnsteig_PF,99_Bahnsteig_PF,99_Bahnsteig_PF
1775472,63781144644230,99_Bahnsteig_PF,99_Bahnsteig_PF,99_Bahnsteig_PF
1775480,63781144644240,99_Bahnsteig_PF,99_Bahnsteig_PF,99_Bahnsteig_PF
1775489,63781144644251,99_Bahnsteig_PF,99_Bahnsteig_PF,99_Bahnsteig_PF
1775505,63781144644262,99_Bahnsteig_PF,99_Bahnsteig_PF,99_Bahnsteig_PF
1775514,63781144644273,99_Bahnsteig_PF,99_Bahnsteig_PF,99_Bahnsteig_PF
1775522,63781144644284,99_Bahnsteig_PF,99_Bahnsteig_PF,99_Bahnsteig_PF
1775539,63781144644295,99_Bahnsteig_PF,99_Bahnsteig_PF,99_Bahnsteig_PF
1775547,63781144644306,99_Bahnsteig_PF,99_Bahnsteig_PF,99_Bahnsteig_PF
1775555,63781144644317,None,99_Bahnsteig_PF,99_Bahnsteig_PF
1775572,63781144644329,99_Bahnsteig_PF,99_Bahnsteig_PF,99_Bahnsteig_PF
1775580,63781144644340,99_Bahnsteig_PF,99_Bahnsteig_PF,99_Bahnsteig_PF
1775589,63781144644351,99_Bahnsteig_PF,None,None
1775605,63781144644362,99_Bahnsteig_PF,None,None
1775614,63781144644373,99_Bahnsteig_PF,None,None
1775622,63781144644384,99_Bahnsteig_PF,None,None
1775639,63781144644395,99_Bahnsteig_PF,None,None
1775647,63781144644407,99_Bahnsteig_PF,None,None
1775655,63781144644417,99_Bahnsteig_PF,None,None
1775672,63781144644429,99_Bahnsteig_PF,99_Bahnsteig_PF,99_Bahnsteig_PF
1775680,63781144644440,99_Bahnsteig_PF,99_Bahnsteig_PF,99_Bahnsteig_PF
1775689,63781144644451,99_Bahnsteig_PF,99_Bahnsteig_PF,99_Bahnsteig_PF
1775705,63781144644463,99_Bahnsteig_PF,99_Bahnsteig_PF,99_Bahnsteig_PF
1775714,63781144644473,99_Bahnsteig_PF,99_Bahnsteig_PF,99_Bahnsteig_PF
1775730,63781144644485,99_Bahnsteig_PF,99_Bahnsteig_PF,99_Bahnsteig_PF
1775738,63781144644496,99_Bahnsteig_PF,99_Bahnsteig_PF,99_Bahnsteig_PF
1775747,63781144644507,None,None,None
1775763,63781144644518,None,None,None
1775772,63781144644529,None,None,None
1775780,63781144644541,None,None,None
1775797,63781144644551,None,None,None
1775805,63781144644564,None,None,None
1775813,63781144644574,None,None,None
1775830,63781144644585,None,None,None
1775838,63781144644596,None,None,None
1775847,63781144644607,None,None,None
1775855,63781144644618,None,None,None
1775872,63781144644629,None,None,None
1775880,63781144644640,None,None,None
1775888,63781144644652,None,99_Bahnsteig_PF,99_Bahnsteig_PF
1775905,63781144644663,None,99_Bahnsteig_PF,99_Bahnsteig_PF
1775913,63781144644674,None,99_Bahnsteig_PF,None
1775930,63781144644685,None,99_Bahnsteig_PF,None
1775938,63781144644697,None,99_Bahnsteig_PF,None
1775947,63781144644707,None,99_Bahnsteig_PF,None
1775955,63781144644718,None,99_Bahnsteig_PF,99_Bahnsteig_PF
1775972,63781144644730,None,99_Bahnsteig_PF,None
1775980,63781144644741,None,None,None
1775988,63781144644751,None,99_Bahnsteig_PF,None
1776005,63781144644763,None,99_Bahnsteig_PF,None
1776013,63781144644774,None,99_Bahnsteig_PF,None
1776030,63781144644785,Cube (1),99_Bahnsteig_PF,99_Bahnsteig_PF
1776038,63781144644796,4_GroßeTreppe_Stairs,99_Bahnsteig_PF,99_Bahnsteig_PF
1776047,63781144644807,4_GroßeTreppe_Stairs,99_Bahnsteig_PF,99_Bahnsteig_PF
1776055,63781144644818,Cube (1),99_Bahnsteig_PF,99_Bahnsteig_PF
1776072,63781144644830,3_Rolltreppe_PF,99_Bahnsteig_PF,99_Bahnsteig_PF
1776080,63781144644840,4_GroßeTreppe_Stairs,99_Bahnsteig_PF,99_Bahnsteig_PF
1776088,63781144644851,Cube (1),99_Bahnsteig_PF,99_Bahnsteig_PF
1776105,63781144644863,4_GroßeTreppe_Handrails,99_Bahnsteig_PF,99_Bahnsteig_PF
1776113,63781144644874,4_GroßeTreppe_Stairs,99_Bahnsteig_PF,99_Bahnsteig_PF
1776130,63781144644885,3_Rolltreppe_PF (2),99_Bahnsteig_PF,99_Bahnsteig_PF
1776138,63781144644896,3_Rolltreppe_PF (2),99_Bahnsteig_PF,99_Bahnsteig_PF
1776147,63781144644908,3_Rolltreppe_PF (2),99_Bahnsteig_PF,99_Bahnsteig_PF
1776155,63781144644918,99_Bahnsteig_PF,99_Bahnsteig_PF,99_Bahnsteig_PF
1776172,63781144644930,99_Bahnsteig_PF,99_Bahnsteig_PF,99_Bahnsteig_PF
1776180,63781144644940,99_Bahnsteig_PF,99_Bahnsteig_PF,99_Bahnsteig_PF
1776197,63781144644952,99_Bahnsteig_PF,99_Bahnsteig_PF,99_Bahnsteig_PF
1776205,63781144644963,99_Bahnsteig_PF,99_Bahnsteig_PF,99_Bahnsteig_PF
1776213,63781144644973,99_Bahnsteig_PF,99_Bahnsteig_PF,99_Bahnsteig_PF
1776230,63781144644985,99_Bahnsteig_PF,99_Bahnsteig_PF,99_Bahnsteig_PF
1776238,63781144644996,99_Bahnsteig_PF,99_Bahnsteig_PF,99_Bahnsteig_PF
1776247,63781144645007,99_Bahnsteig_PF,99_Bahnsteig_PF,99_Bahnsteig_PF
1776263,63781144645018,99_Bahnsteig_PF,99_Bahnsteig_PF,99_Bahnsteig_PF
1776272,63781144645029,99_Bahnsteig_PF,99_Bahnsteig_PF,99_Bahnsteig_PF
1776280,63781144645040,99_Bahnsteig_PF,99_Bahnsteig_PF,99_Bahnsteig_PF
1776297,63781144645052,None,None,None
1776305,63781144645062,None,None,None
1776313,63781144645074,None,None,None
1776322,63781144645085,None,None,None
1776338,63781144645096,None,None,None
1776347,63781144645107,None,None,None
1776355,63781144645118,None,None,None
1776372,63781144645129,None,None,None
1776380,63781144645140,None,None,None
1776397,63781144645151,None,None,None
1776405,63781144645162,None,None,None
1776413,63781144645174,None,None,None
1776422,63781144645184,None,None,None
1776438,63781144645196,None,None,None
1776447,63781144645207,None,None,None
1776455,63781144645218,None,None,None
1776472,63781144645230,None,None,None
1776480,63781144645240,None,None,None
1776497,63781144645252,None,None,None
1776505,63781144645263,None,None,None
1776513,63781144645273,None,None,None
1776530,63781144645285,None,None,None
1776538,63781144645296,None,None,None
1776547,63781144645307,None,None,None
1776563,63781144645318,None,Cube (1),None
1776572,63781144645329,Cube (1),Cube (1),Cube (1)
1776580,63781144645340,Cube (1),99_Bahnsteig_PF,99_Bahnsteig_PF
1776588,63781144645351,3_Rolltreppe_PF (2),99_Bahnsteig_PF,99_Bahnsteig_PF
1776605,63781144645363,Cube (1),99_Bahnsteig_PF,99_Bahnsteig_PF
1776613,63781144645373,Cube (1),99_Bahnsteig_PF,99_Bahnsteig_PF
1776621,63781144645384,Cube (1),99_Bahnsteig_PF,99_Bahnsteig_PF
1776638,63781144645396,Cube (1),99_Bahnsteig_PF,99_Bahnsteig_PF
1776646,63781144645406,Cube (1),99_Bahnsteig_PF,99_Bahnsteig_PF
1776655,63781144645418,Cube (1),99_Bahnsteig_PF,99_Bahnsteig_PF
1776671,63781144645430,Cube (1),99_Bahnsteig_PF,99_Bahnsteig_PF
1776680,63781144645440,Cube (1),99_Bahnsteig_PF,99_Bahnsteig_PF
1776696,63781144645452,Cube (1),99_Bahnsteig_PF,99_Bahnsteig_PF
1776705,63781144645462,Cube (1),99_Bahnsteig_PF,99_Bahnsteig_PF
1776713,63781144645473,Cube (1),99_Bahnsteig_PF,99_Bahnsteig_PF
1776721,63781144645484,Cube (1),99_Bahnsteig_PF,Cube (1)
1776738,63781144645496,Cube (1),99_Bahnsteig_PF,99_Bahnsteig_PF
1776746,63781144645506,Cube (1),99_Bahnsteig_PF,99_Bahnsteig_PF
1776755,63781144645518,Cube (1),99_Bahnsteig_PF,99_Bahnsteig_PF
1776771,63781144645529,3_Rolltreppe_PF (2),99_Bahnsteig_PF,99_Bahnsteig_PF
1776780,63781144645540,Cube (1),99_Bahnsteig_PF,99_Bahnsteig_PF
1776788,63781144645551,Cube (1),99_Bahnsteig_PF,99_Bahnsteig_PF
1776805,63781144645563,Cube (1),Cube (1),Cube (1)
1776813,63781144645573,None,None,None
1776821,63781144645584,None,None,None
1776838,63781144645596,None,None,None
1776846,63781144645606,None,None,None
1776855,63781144645617,None,None,None
1776871,63781144645630,None,None,None
1776880,63781144645639,None,None,None
1776888,63781144645651,None,None,None
1776905,63781144645662,None,None,None
1776913,63781144645673,None,None,None
1776921,63781144645684,None,None,None
1776938,63781144645696,None,None,None
1776946,63781144645706,None,None,None
1776955,63781144645718,None,None,None
1776971,63781144645729,None,None,None
1776980,63781144645740,None,None,None
1776988,63781144645751,None,None,None
1777005,63781144645763,None,None,None
1777013,63781144645773,None,None,None
1777021,63781144645784,None,None,None
1777038,63781144645796,None,None,None
1777046,63781144645806,None,None,None
1777055,63781144645818,None,None,None
1777071,63781144645829,None,None,None
1777080,63781144645840,None,None,None
1777088,63781144645851,Wayfinding_S,None,None
1777105,63781144645862,None,None,None
1777113,63781144645873,None,None,None
1777121,63781144645884,None,None,None
1777138,63781144645895,None,None,None
1777146,63781144645906,None,None,None
1777155,63781144645917,None,None,None
1777171,63781144645929,None,None,None
1777180,63781144645941,None,None,None
1777188,63781144645951,None,None,None
1777205,63781144645962,None,None,None
1777213,63781144645973,None,None,None
1777230,63781144645984,None,None,None
1777238,63781144645995,None,None,None
1777246,63781144646006,None,None,None
1777255,63781144646017,None,Wayfinding_S,None
1777271,63781144646029,None,None,None
1777280,63781144646039,None,None,None
1777296,63781144646051,Ecke,Cube (1),Ecke
1777305,63781144646062,Ecke,Cube (1),Cube (1)
1777313,63781144646073,Cube (1),4_GroßeTreppe_Stairs,4_GroßeTreppe_Handrails
1777330,63781144646084,None,None,None
1777338,63781144646095,Ecke,4_GroßeTreppe_Stairs,Cube (1)
1777346,63781144646106,None,4_GroßeTreppe_Stairs,Cube (1)
1777363,63781144646118,None,99_Bahnsteig_PF,Cube (1)
1777371,63781144646129,None,4_GroßeTreppe_Stairs,4_GroßeTreppe_Stairs
1777380,63781144646139,LM|StoreBanderole,4_GroßeTreppe_Stairs,4_GroßeTreppe_Stairs
1777396,63781144646151,235|Mesh|B|DBServicestore,99_Bahnsteig_PF,4_GroßeTreppe_Stairs
1777405,63781144646162,Cube (1),99_Bahnsteig_PF,4_GroßeTreppe_Stairs
1777413,63781144646173,3_Rolltreppe_PF (2),99_Bahnsteig_PF,4_GroßeTreppe_Stairs
1777421,63781144646184,3_Rolltreppe_PF (2),99_Bahnsteig_PF,Cube (1)
1777438,63781144646195,3_Rolltreppe_PF (2),99_Bahnsteig_PF,4_GroßeTreppe_Stairs
1777446,63781144646206,Cube (1),99_Bahnsteig_PF,4_GroßeTreppe_Stairs
1777463,63781144646218,Cube (1),99_Bahnsteig_PF,Cube (1)
1777471,63781144646229,3_Rolltreppe_PF (2),99_Bahnsteig_PF,4_GroßeTreppe_Stairs
1777480,63781144646239,Cube (1),99_Bahnsteig_PF,4_GroßeTreppe_Handrails
1777496,63781144646251,3_Rolltreppe_PF (2),99_Bahnsteig_PF,4_GroßeTreppe_Stairs
1777505,63781144646262,Cube (1),99_Bahnsteig_PF,3_Rolltreppe_PF (2)
1777513,63781144646273,Cube (1),99_Bahnsteig_PF,Cube (1)
1777530,63781144646284,None,None,None
1777546,63781144646305,None,None,None
1777555,63781144646311,None,None,None
1777555,63781144646317,None,None,None
1777563,63781144646323,None,None,None
1777580,63781144646335,None,None,None
1777588,63781144646346,None,None,None
1777596,63781144646357,None,None,None
1777605,63781144646367,None,None,None
1777621,63781144646379,None,None,None
1777630,63781144646390,None,None,None
1777646,63781144646401,None,None,None
1777655,63781144646412,None,None,None
1777663,63781144646423,None,None,None
1777671,63781144646434,None,None,None
1777688,63781144646446,None,None,None
1777696,63781144646456,None,None,None
1777713,63781144646468,None,None,None
1777721,63781144646479,None,None,None
1777730,63781144646490,None,None,None
1777738,63781144646501,None,None,None
1777755,63781144646512,None,None,None
1777763,63781144646523,None,None,None
1777780,63781144646534,None,None,None
1777788,63781144646546,None,None,None
1777796,63781144646556,None,None,None
1777813,63781144646567,None,None,None
1777821,63781144646578,None,None,None
1777830,63781144646590,Wayfinding_S,None,None
1777846,63781144646601,None,None,Notruf_nach-links
1777855,63781144646613,None,None,Notruf_nach-links
1777863,63781144646623,Wayfinding_S,None,None
1777880,63781144646634,Wayfinding_S,None,Wayfinding_S
1777888,63781144646645,None,None,None
1777896,63781144646656,None,None,Wayfinding_S
1777905,63781144646667,None,None,Wayfinding_S
1777921,63781144646679,None,None,Wayfinding_S
1777930,63781144646689,None,None,Wayfinding_S
1777946,63781144646701,None,None,Wayfinding_S
1777955,63781144646712,None,None,None
1777963,63781144646723,None,None,None
1777971,63781144646734,None,Notruf_nach-links,None
1777988,63781144646745,None,Notruf_nach-links,None
1777996,63781144646756,None,Notruf_nach-links,None
1778005,63781144646767,None,None,None
1778021,63781144646779,None,Orientation Highlighting Plane,None
1778030,63781144646790,None,None,None
1778046,63781144646802,None,None,None
1778055,63781144646813,None,None,None
1778063,63781144646825,None,None,None
1778080,63781144646836,None,None,None
1778088,63781144646848,None,None,None
1778096,63781144646859,None,None,None
1778113,63781144646870,None,None,None
1778121,63781144646882,None,None,None
1778138,63781144646894,None,None,None
1778146,63781144646905,None,None,None
1778154,63781144646916,None,None,None
1778171,63781144646928,None,None,None
1778179,63781144646939,None,None,None
1778188,63781144646950,None,None,None
1778204,63781144646961,None,None,None
1778213,63781144646973,None,None,None
1778221,63781144646983,None,None,None
1778238,63781144646995,None,None,None
1778246,63781144647005,None,None,None
1778254,63781144647016,None,None,None
1778271,63781144647028,None,None,None
1778279,63781144647039,None,None,None
1778288,63781144647050,None,None,None
1778304,63781144647061,None,None,None
1778313,63781144647072,None,None,None
1778329,63781144647083,None,None,None
1778338,63781144647094,None,None,None
1778346,63781144647105,None,None,None
1778363,63781144647117,None,None,None
1778371,63781144647128,None,None,None
1778379,63781144647139,None,None,None
1778388,63781144647150,None,None,None
1778404,63781144647162,None,None,None
1778413,63781144647172,None,None,None
1778421,63781144647184,None,None,None
1778438,63781144647194,None,None,None
1778446,63781144647205,None,None,None
1778454,63781144647217,None,None,None
1778471,63781144647228,None,None,None
1778479,63781144647239,None,None,None
1778488,63781144647250,None,None,None
1778504,63781144647261,None,None,None
1778513,63781144647272,None,None,None
1778521,63781144647283,None,None,None
1778538,63781144647295,None,None,None
1778546,63781144647306,None,None,None
1778554,63781144647317,None,None,None
1778571,63781144647328,None,None,None
1778579,63781144647339,None,None,None
1778588,63781144647350,None,None,None
1778604,63781144647361,None,None,None
1778613,63781144647372,None,None,None
1778621,63781144647383,None,None,None
1778638,63781144647394,None,None,None
1778646,63781144647405,None,None,None
1778654,63781144647416,None,None,None
1778671,63781144647428,None,None,None
1778679,63781144647439,None,None,None
1778688,63781144647450,None,None,None
1778704,63781144647461,None,None,None
1778713,63781144647472,None,None,None
1778721,63781144647483,None,None,None
1778738,63781144647495,None,None,None
1778746,63781144647505,None,None,None
1778754,63781144647516,None,None,None
1778771,63781144647528,None,None,None
1778779,63781144647539,None,None,None
1778788,63781144647550,None,None,None
1778804,63781144647561,Notruf_nach-links,None,None
1778813,63781144647572,None,None,None
1778821,63781144647583,None,None,None
1778838,63781144647594,None,None,None
1778846,63781144647605,None,None,None
1778854,63781144647617,Notruf_nach-links,None,None
1778871,63781144647628,None,None,None
1778879,63781144647639,None,None,None
1778888,63781144647650,Notruf_nach-links,None,None
1778904,63781144647662,None,None,None
1778913,63781144647672,None,None,None
1778921,63781144647683,None,None,None
1778938,63781144647694,None,None,None
1778946,63781144647705,None,99_Bahnsteig_PF,None
1778954,63781144647716,None,99_Bahnsteig_PF,99_Bahnsteig_PF
1778971,63781144647727,None,99_Bahnsteig_PF,99_Bahnsteig_PF
1778979,63781144647738,None,99_Bahnsteig_PF,99_Bahnsteig_PF
1778988,63781144647750,99_Bahnsteig_PF,99_Bahnsteig_PF,99_Bahnsteig_PF
1779004,63781144647761,99_Bahnsteig_PF,99_Bahnsteig_PF,99_Bahnsteig_PF
1779013,63781144647772,99_Bahnsteig_PF,99_Bahnsteig_PF,99_Bahnsteig_PF
1779021,63781144647783,99_Bahnsteig_PF,99_Bahnsteig_PF,99_Bahnsteig_PF
1779038,63781144647794,99_Bahnsteig_PF,99_Bahnsteig_PF,99_Bahnsteig_PF
1779046,63781144647805,None,99_Bahnsteig_PF,99_Bahnsteig_PF
1779054,63781144647817,None,None,None
1779071,63781144647828,None,99_Bahnsteig_PF,99_Bahnsteig_PF
1779079,63781144647838,None,99_Bahnsteig_PF,99_Bahnsteig_PF
1779088,63781144647850,None,99_Bahnsteig_PF,99_Bahnsteig_PF
1779104,63781144647861,None,99_Bahnsteig_PF,99_Bahnsteig_PF
1779113,63781144647872,None,99_Bahnsteig_PF,99_Bahnsteig_PF
1779121,63781144647883,None,99_Bahnsteig_PF,99_Bahnsteig_PF
1779138,63781144647894,None,99_Bahnsteig_PF,99_Bahnsteig_PF
1779146,63781144647905,None,99_Bahnsteig_PF,99_Bahnsteig_PF
1779154,63781144647916,None,99_Bahnsteig_PF,99_Bahnsteig_PF
1779171,63781144647928,None,99_Bahnsteig_PF,99_Bahnsteig_PF
1779179,63781144647939,None,99_Bahnsteig_PF,99_Bahnsteig_PF
1779188,63781144647949,None,99_Bahnsteig_PF,99_Bahnsteig_PF
1779204,63781144647961,None,99_Bahnsteig_PF,99_Bahnsteig_PF
1779213,63781144647972,99_Bahnsteig_PF,99_Bahnsteig_PF,99_Bahnsteig_PF
1779221,63781144647983,99_Bahnsteig_PF,99_Bahnsteig_PF,99_Bahnsteig_PF
1779238,63781144647994,None,99_Bahnsteig_PF,99_Bahnsteig_PF
1779246,63781144648006,None,None,None
1779254,63781144648016,None,None,None
1779271,63781144648028,None,None,None
1779279,63781144648038,None,None,None
1779288,63781144648050,None,None,None
1779304,63781144648062,None,None,None
1779313,63781144648072,None,None,None
1779321,63781144648084,None,None,None
1779338,63781144648095,None,None,None
1779346,63781144648106,None,None,None
1779354,63781144648117,None,None,None
1779371,63781144648128,None,None,None
1779379,63781144648139,None,None,None
1779388,63781144648150,None,None,None
1779404,63781144648162,None,None,None
1779413,63781144648172,None,None,None
1779421,63781144648184,None,None,None
1779438,63781144648195,None,None,None
1779446,63781144648206,None,None,None
1779454,63781144648217,None,None,None
1779471,63781144648229,None,None,None
1779479,63781144648239,None,Station Name,None
1779488,63781144648250,None,None,None
1779504,63781144648262,None,None,None
1779513,63781144648273,None,None,None
1779521,63781144648284,None,None,None
1779538,63781144648295,None,None,None
1779546,63781144648306,None,None,None
1779554,63781144648317,None,None,None
1779571,63781144648329,None,None,None
1779579,63781144648339,None,None,None
1779588,63781144648351,None,None,None
1779604,63781144648362,None,None,None
1779613,63781144648372,None,None,None
1779621,63781144648384,None,None,None
1779638,63781144648395,None,None,None
1779646,63781144648406,None,None,None
1779654,63781144648417,None,None,None
1779671,63781144648429,None,None,None
1779679,63781144648439,None,None,None
1779687,63781144648450,None,None,None
1779704,63781144648461,None,None,None
1779712,63781144648472,None,None,None
1779721,63781144648483,None,None,None
1779737,63781144648495,None,None,None
1779746,63781144648505,None,None,None
1779754,63781144648517,None,None,None
1779771,63781144648528,None,None,None
1779779,63781144648539,None,None,None
1779787,63781144648550,None,None,None
1779804,63781144648561,None,None,None
1779812,63781144648572,None,None,None
1779821,63781144648584,None,None,None
1779837,63781144648594,None,None,None
1779846,63781144648606,None,None,None
1779854,63781144648617,None,None,None
1779871,63781144648628,None,None,None
1779879,63781144648639,None,None,None
1779887,63781144648650,None,None,None
1779904,63781144648661,None,None,None
1779912,63781144648672,None,None,None
1779921,63781144648683,None,None,None
1779937,63781144648695,None,None,None
1779946,63781144648705,None,None,None
1779954,63781144648717,None,99_Bahnsteig_PF,None
1779971,63781144648728,None,99_Bahnsteig_PF,None
1779979,63781144648739,None,99_Bahnsteig_PF,None
1779987,63781144648750,None,99_Bahnsteig_PF,None
1780004,63781144648761,None,99_Bahnsteig_PF,None
1780012,63781144648772,None,99_Bahnsteig_PF,None
1780021,63781144648783,None,99_Bahnsteig_PF,None
1780037,63781144648795,None,99_Bahnsteig_PF,None
1780046,63781144648806,None,99_Bahnsteig_PF,None
1780054,63781144648817,None,99_Bahnsteig_PF,99_Bahnsteig_PF
1780071,63781144648828,None,99_Bahnsteig_PF,99_Bahnsteig_PF
1780079,63781144648839,None,99_Bahnsteig_PF,99_Bahnsteig_PF
1780087,63781144648850,None,99_Bahnsteig_PF,99_Bahnsteig_PF
1780104,63781144648861,None,99_Bahnsteig_PF,99_Bahnsteig_PF
1780112,63781144648872,None,99_Bahnsteig_PF,99_Bahnsteig_PF
1780121,63781144648884,None,99_Bahnsteig_PF,99_Bahnsteig_PF
1780137,63781144648894,None,99_Bahnsteig_PF,99_Bahnsteig_PF
1780146,63781144648906,None,99_Bahnsteig_PF,99_Bahnsteig_PF
1780154,63781144648917,None,99_Bahnsteig_PF,99_Bahnsteig_PF
1780171,63781144648928,None,99_Bahnsteig_PF,99_Bahnsteig_PF
1780179,63781144648939,None,99_Bahnsteig_PF,99_Bahnsteig_PF
1780187,63781144648950,None,99_Bahnsteig_PF,99_Bahnsteig_PF
1780204,63781144648961,None,99_Bahnsteig_PF,99_Bahnsteig_PF
1780212,63781144648972,None,99_Bahnsteig_PF,None
1780221,63781144648983,None,99_Bahnsteig_PF,None
1780237,63781144648994,None,99_Bahnsteig_PF,None
1780246,63781144649005,None,99_Bahnsteig_PF,None
1780254,63781144649016,None,99_Bahnsteig_PF,None
1780271,63781144649028,None,99_Bahnsteig_PF,None
1780279,63781144649039,99_Bahnsteig_PF,99_Bahnsteig_PF,99_Bahnsteig_PF
1780287,63781144649050,99_Bahnsteig_PF,99_Bahnsteig_PF,99_Bahnsteig_PF
1780304,63781144649061,99_Bahnsteig_PF,99_Bahnsteig_PF,99_Bahnsteig_PF
1780312,63781144649072,99_Bahnsteig_PF,99_Bahnsteig_PF,99_Bahnsteig_PF
1780321,63781144649083,99_Bahnsteig_PF,99_Bahnsteig_PF,99_Bahnsteig_PF
1780337,63781144649095,99_Bahnsteig_PF,99_Bahnsteig_PF,99_Bahnsteig_PF
1780346,63781144649105,99_Bahnsteig_PF,99_Bahnsteig_PF,99_Bahnsteig_PF
1780354,63781144649117,99_Bahnsteig_PF,99_Bahnsteig_PF,99_Bahnsteig_PF
1780371,63781144649128,99_Bahnsteig_PF,99_Bahnsteig_PF,MetallAbgrenzung
1780379,63781144649139,99_Bahnsteig_PF,99_Bahnsteig_PF,99_Bahnsteig_PF
1780387,63781144649149,99_Bahnsteig_PF,99_Bahnsteig_PF,99_Bahnsteig_PF
1780404,63781144649161,99_Bahnsteig_PF,99_Bahnsteig_PF,99_Bahnsteig_PF
1780412,63781144649172,99_Bahnsteig_PF,99_Bahnsteig_PF,99_Bahnsteig_PF
1780421,63781144649183,99_Bahnsteig_PF,99_Bahnsteig_PF,99_Bahnsteig_PF
1780437,63781144649195,99_Bahnsteig_PF,99_Bahnsteig_PF,99_Bahnsteig_PF
1780446,63781144649205,99_Bahnsteig_PF,99_Bahnsteig_PF,99_Bahnsteig_PF
1780454,63781144649217,99_Bahnsteig_PF,99_Bahnsteig_PF,99_Bahnsteig_PF
1780471,63781144649228,99_Bahnsteig_PF,99_Bahnsteig_PF,99_Bahnsteig_PF
1780479,63781144649239,99_Bahnsteig_PF,99_Bahnsteig_PF,99_Bahnsteig_PF
1780487,63781144649250,99_Bahnsteig_PF,99_Bahnsteig_PF,99_Bahnsteig_PF
1780504,63781144649261,99_Bahnsteig_PF,99_Bahnsteig_PF,MetallAbgrenzung
1780512,63781144649272,99_Bahnsteig_PF,99_Bahnsteig_PF,MetallAbgrenzung
1780521,63781144649283,99_Bahnsteig_PF,99_Bahnsteig_PF,MetallAbgrenzung
1780537,63781144649294,99_Bahnsteig_PF,99_Bahnsteig_PF,MetallAbgrenzung
1780546,63781144649305,99_Bahnsteig_PF,99_Bahnsteig_PF,99_Bahnsteig_PF
1780554,63781144649316,99_Bahnsteig_PF,99_Bahnsteig_PF,99_Bahnsteig_PF
1780571,63781144649328,99_Bahnsteig_PF,99_Bahnsteig_PF,99_Bahnsteig_PF
1780579,63781144649339,99_Bahnsteig_PF,99_Bahnsteig_PF,99_Bahnsteig_PF
1780587,63781144649350,99_Bahnsteig_PF,99_Bahnsteig_PF,99_Bahnsteig_PF
1780604,63781144649361,99_Bahnsteig_PF,99_Bahnsteig_PF,99_Bahnsteig_PF
1780612,63781144649372,99_Bahnsteig_PF,99_Bahnsteig_PF,99_Bahnsteig_PF
1780621,63781144649384,99_Bahnsteig_PF,99_Bahnsteig_PF,99_Bahnsteig_PF
1780637,63781144649394,99_Bahnsteig_PF,99_Bahnsteig_PF,99_Bahnsteig_PF
1780646,63781144649405,99_Bahnsteig_PF,99_Bahnsteig_PF,99_Bahnsteig_PF
1780654,63781144649416,99_Bahnsteig_PF,99_Bahnsteig_PF,99_Bahnsteig_PF
1780671,63781144649428,99_Bahnsteig_PF,99_Bahnsteig_PF,99_Bahnsteig_PF
1780679,63781144649438,99_Bahnsteig_PF,99_Bahnsteig_PF,99_Bahnsteig_PF
1780687,63781144649449,99_Bahnsteig_PF,99_Bahnsteig_PF,MetallAbgrenzung
1780704,63781144649461,99_Bahnsteig_PF,99_Bahnsteig_PF,99_Bahnsteig_PF
1780712,63781144649472,99_Bahnsteig_PF,99_Bahnsteig_PF,99_Bahnsteig_PF
1780721,63781144649483,99_Bahnsteig_PF,99_Bahnsteig_PF,99_Bahnsteig_PF
1780737,63781144649494,99_Bahnsteig_PF,99_Bahnsteig_PF,99_Bahnsteig_PF
1780746,63781144649505,99_Bahnsteig_PF,99_Bahnsteig_PF,99_Bahnsteig_PF
1780754,63781144649517,99_Bahnsteig_PF,99_Bahnsteig_PF,99_Bahnsteig_PF
1780771,63781144649527,99_Bahnsteig_PF,99_Bahnsteig_PF,99_Bahnsteig_PF
1780779,63781144649538,99_Bahnsteig_PF,99_Bahnsteig_PF,99_Bahnsteig_PF
1780787,63781144649550,99_Bahnsteig_PF,99_Bahnsteig_PF,99_Bahnsteig_PF
1780804,63781144649560,99_Bahnsteig_PF,99_Bahnsteig_PF,99_Bahnsteig_PF
1780812,63781144649572,99_Bahnsteig_PF,99_Bahnsteig_PF,99_Bahnsteig_PF
1780821,63781144649583,99_Bahnsteig_PF,99_Bahnsteig_PF,99_Bahnsteig_PF
1780837,63781144649594,99_Bahnsteig_PF,99_Bahnsteig_PF,99_Bahnsteig_PF
1780846,63781144649605,99_Bahnsteig_PF,99_Bahnsteig_PF,99_Bahnsteig_PF
1780854,63781144649616,99_Bahnsteig_PF,99_Bahnsteig_PF,99_Bahnsteig_PF
1780871,63781144649627,99_Bahnsteig_PF,99_Bahnsteig_PF,99_Bahnsteig_PF
1780879,63781144649638,99_Bahnsteig_PF,99_Bahnsteig_PF,99_Bahnsteig_PF
1780887,63781144649649,99_Bahnsteig_PF,99_Bahnsteig_PF,99_Bahnsteig_PF
1780904,63781144649661,99_Bahnsteig_PF,99_Bahnsteig_PF,99_Bahnsteig_PF
1780912,63781144649672,99_Bahnsteig_PF,99_Bahnsteig_PF,99_Bahnsteig_PF
1780921,63781144649682,99_Bahnsteig_PF,99_Bahnsteig_PF,99_Bahnsteig_PF
1780937,63781144649694,99_Bahnsteig_PF,99_Bahnsteig_PF,99_Bahnsteig_PF
1780946,63781144649705,99_Bahnsteig_PF,99_Bahnsteig_PF,99_Bahnsteig_PF
1780954,63781144649716,99_Bahnsteig_PF,99_Bahnsteig_PF,99_Bahnsteig_PF
1780971,63781144649728,99_Bahnsteig_PF,99_Bahnsteig_PF,99_Bahnsteig_PF
1780979,63781144649738,99_Bahnsteig_PF,99_Bahnsteig_PF,99_Bahnsteig_PF
1780987,63781144649750,99_Bahnsteig_PF,99_Bahnsteig_PF,99_Bahnsteig_PF
1781004,63781144649760,99_Bahnsteig_PF,99_Bahnsteig_PF,99_Bahnsteig_PF
1781012,63781144649772,99_Bahnsteig_PF,99_Bahnsteig_PF,99_Bahnsteig_PF
1781021,63781144649782,99_Bahnsteig_PF,99_Bahnsteig_PF,99_Bahnsteig_PF
1781037,63781144649794,99_Bahnsteig_PF,99_Bahnsteig_PF,99_Bahnsteig_PF
1781046,63781144649805,99_Bahnsteig_PF,99_Bahnsteig_PF,99_Bahnsteig_PF
1781054,63781144649816,99_Bahnsteig_PF,99_Bahnsteig_PF,99_Bahnsteig_PF
1781071,63781144649828,99_Bahnsteig_PF,99_Bahnsteig_PF,99_Bahnsteig_PF
1781079,63781144649838,99_Bahnsteig_PF,99_Bahnsteig_PF,99_Bahnsteig_PF
1781087,63781144649849,99_Bahnsteig_PF,99_Bahnsteig_PF,99_Bahnsteig_PF
1781104,63781144649860,99_Bahnsteig_PF,99_Bahnsteig_PF,99_Bahnsteig_PF
1781112,63781144649871,99_Bahnsteig_PF,99_Bahnsteig_PF,99_Bahnsteig_PF
1781129,63781144649889,99_Bahnsteig_PF,99_Bahnsteig_PF,99_Bahnsteig_PF
1781137,63781144649894,99_Bahnsteig_PF,99_Bahnsteig_PF,99_Bahnsteig_PF
1781137,63781144649899,99_Bahnsteig_PF,99_Bahnsteig_PF,99_Bahnsteig_PF
1781154,63781144649911,99_Bahnsteig_PF,99_Bahnsteig_PF,99_Bahnsteig_PF
1781162,63781144649922,99_Bahnsteig_PF,99_Bahnsteig_PF,99_Bahnsteig_PF
1781171,63781144649933,99_Bahnsteig_PF,99_Bahnsteig_PF,99_Bahnsteig_PF
1781187,63781144649944,None,None,None
1781196,63781144649955,None,None,None
1781204,63781144649966,None,None,None
1781220,63781144649978,None,None,None
1781229,63781144649989,None,None,None
1781237,63781144650000,None,None,None
1781254,63781144650011,None,None,None
1781262,63781144650022,None,None,None
1781279,63781144650033,None,None,None
1781287,63781144650044,None,None,None
1781295,63781144650055,None,None,None
1781312,63781144650067,None,None,None
1781320,63781144650078,None,None,None
1781329,63781144650089,None,None,None
1781337,63781144650100,None,None,None
1781354,63781144650111,None,None,None
1781362,63781144650122,None,None,None
1781370,63781144650134,None,None,None
1781387,63781144650144,None,None,None
1781395,63781144650155,None,None,None
1781404,63781144650166,None,None,None
1781420,63781144650178,None,None,None
1781429,63781144650188,None,None,None
1781437,63781144650199,None,None,None
1781454,63781144650211,None,None,None
1781462,63781144650222,None,None,None
1781470,63781144650233,None,None,None
1781487,63781144650244,None,None,None
1781495,63781144650256,None,None,None
1781504,63781144650267,None,None,None
1781520,63781144650278,None,None,None
1781529,63781144650290,None,None,None
1781545,63781144650301,None,None,None
1781554,63781144650312,None,None,None
1781562,63781144650324,None,None,None
1781579,63781144650335,None,None,None
1781587,63781144650346,None,None,None
1781595,63781144650358,None,None,None
1781612,63781144650369,None,None,None
1781620,63781144650380,None,None,None
1781637,63781144650392,None,None,None
1781645,63781144650403,None,None,None
1781654,63781144650415,None,None,None
1781670,63781144650426,None,None,None
1781679,63781144650437,99_Bahnsteig_PF,99_Bahnsteig_PF,99_Bahnsteig_PF
1781687,63781144650449,99_Bahnsteig_PF,99_Bahnsteig_PF,99_Bahnsteig_PF
1781704,63781144650460,99_Bahnsteig_PF,99_Bahnsteig_PF,99_Bahnsteig_PF
1781712,63781144650471,99_Bahnsteig_PF,99_Bahnsteig_PF,99_Bahnsteig_PF
1781720,63781144650482,99_Bahnsteig_PF,99_Bahnsteig_PF,99_Bahnsteig_PF
1781737,63781144650493,99_Bahnsteig_PF,99_Bahnsteig_PF,99_Bahnsteig_PF
1781745,63781144650504,99_Bahnsteig_PF,99_Bahnsteig_PF,99_Bahnsteig_PF
1781754,63781144650516,99_Bahnsteig_PF,99_Bahnsteig_PF,99_Bahnsteig_PF
1781770,63781144650527,99_Bahnsteig_PF,99_Bahnsteig_PF,99_Bahnsteig_PF
1781779,63781144650538,99_Bahnsteig_PF,99_Bahnsteig_PF,99_Bahnsteig_PF
1781787,63781144650549,99_Bahnsteig_PF,99_Bahnsteig_PF,99_Bahnsteig_PF
1781804,63781144650560,99_Bahnsteig_PF,99_Bahnsteig_PF,99_Bahnsteig_PF
1781812,63781144650571,99_Bahnsteig_PF,99_Bahnsteig_PF,99_Bahnsteig_PF
1781820,63781144650582,99_Bahnsteig_PF,99_Bahnsteig_PF,99_Bahnsteig_PF
1781837,63781144650594,99_Bahnsteig_PF,99_Bahnsteig_PF,99_Bahnsteig_PF
1781845,63781144650604,99_Bahnsteig_PF,99_Bahnsteig_PF,99_Bahnsteig_PF
1781854,63781144650615,99_Bahnsteig_PF,99_Bahnsteig_PF,99_Bahnsteig_PF
1781870,63781144650626,99_Bahnsteig_PF,99_Bahnsteig_PF,99_Bahnsteig_PF
1781879,63781144650638,99_Bahnsteig_PF,99_Bahnsteig_PF,99_Bahnsteig_PF
1781887,63781144650649,99_Bahnsteig_PF,99_Bahnsteig_PF,99_Bahnsteig_PF
1781904,63781144650659,99_Bahnsteig_PF,99_Bahnsteig_PF,99_Bahnsteig_PF
1781912,63781144650671,99_Bahnsteig_PF,99_Bahnsteig_PF,99_Bahnsteig_PF
1781920,63781144650682,99_Bahnsteig_PF,99_Bahnsteig_PF,99_Bahnsteig_PF
1781937,63781144650693,99_Bahnsteig_PF,99_Bahnsteig_PF,99_Bahnsteig_PF
1781945,63781144650704,99_Bahnsteig_PF,99_Bahnsteig_PF,99_Bahnsteig_PF
1781954,63781144650715,99_Bahnsteig_PF,99_Bahnsteig_PF,99_Bahnsteig_PF
1781970,63781144650727,99_Bahnsteig_PF,99_Bahnsteig_PF,99_Bahnsteig_PF
1781979,63781144650737,99_Bahnsteig_PF,99_Bahnsteig_PF,99_Bahnsteig_PF
1781987,63781144650749,99_Bahnsteig_PF,99_Bahnsteig_PF,99_Bahnsteig_PF
1782004,63781144650760,99_Bahnsteig_PF,99_Bahnsteig_PF,99_Bahnsteig_PF
1782012,63781144650771,99_Bahnsteig_PF,99_Bahnsteig_PF,99_Bahnsteig_PF
1782020,63781144650782,99_Bahnsteig_PF,99_Bahnsteig_PF,99_Bahnsteig_PF
1782037,63781144650793,99_Bahnsteig_PF,99_Bahnsteig_PF,99_Bahnsteig_PF
1782045,63781144650804,99_Bahnsteig_PF,99_Bahnsteig_PF,99_Bahnsteig_PF
1782054,63781144650816,99_Bahnsteig_PF,99_Bahnsteig_PF,99_Bahnsteig_PF
1782070,63781144650827,99_Bahnsteig_PF,99_Bahnsteig_PF,99_Bahnsteig_PF
1782079,63781144650838,99_Bahnsteig_PF,99_Bahnsteig_PF,99_Bahnsteig_PF
1782087,63781144650849,99_Bahnsteig_PF,99_Bahnsteig_PF,99_Bahnsteig_PF
1782104,63781144650860,99_Bahnsteig_PF,99_Bahnsteig_PF,99_Bahnsteig_PF
1782112,63781144650871,99_Bahnsteig_PF,99_Bahnsteig_PF,99_Bahnsteig_PF
1782120,63781144650882,99_Bahnsteig_PF,99_Bahnsteig_PF,99_Bahnsteig_PF
1782137,63781144650893,99_Bahnsteig_PF,99_Bahnsteig_PF,99_Bahnsteig_PF
1782145,63781144650904,99_Bahnsteig_PF,99_Bahnsteig_PF,99_Bahnsteig_PF
1782154,63781144650916,99_Bahnsteig_PF,99_Bahnsteig_PF,99_Bahnsteig_PF
1782170,63781144650926,99_Bahnsteig_PF,99_Bahnsteig_PF,99_Bahnsteig_PF
1782179,63781144650937,99_Bahnsteig_PF,99_Bahnsteig_PF,99_Bahnsteig_PF
1782187,63781144650949,99_Bahnsteig_PF,99_Bahnsteig_PF,99_Bahnsteig_PF
1782204,63781144650960,99_Bahnsteig_PF,99_Bahnsteig_PF,99_Bahnsteig_PF
1782212,63781144650971,99_Bahnsteig_PF,99_Bahnsteig_PF,99_Bahnsteig_PF
1782220,63781144650981,99_Bahnsteig_PF,99_Bahnsteig_PF,99_Bahnsteig_PF
1782237,63781144650993,99_Bahnsteig_PF,99_Bahnsteig_PF,99_Bahnsteig_PF
1782245,63781144651004,99_Bahnsteig_PF,99_Bahnsteig_PF,99_Bahnsteig_PF
1782254,63781144651015,99_Bahnsteig_PF,99_Bahnsteig_PF,99_Bahnsteig_PF
1782270,63781144651026,99_Bahnsteig_PF,99_Bahnsteig_PF,99_Bahnsteig_PF
1782279,63781144651037,99_Bahnsteig_PF,99_Bahnsteig_PF,99_Bahnsteig_PF
1782287,63781144651049,99_Bahnsteig_PF,99_Bahnsteig_PF,99_Bahnsteig_PF
1782304,63781144651060,99_Bahnsteig_PF,99_Bahnsteig_PF,99_Bahnsteig_PF
1782312,63781144651071,99_Bahnsteig_PF,99_Bahnsteig_PF,99_Bahnsteig_PF
1782320,63781144651082,99_Bahnsteig_PF,99_Bahnsteig_PF,99_Bahnsteig_PF
1782337,63781144651093,99_Bahnsteig_PF,99_Bahnsteig_PF,99_Bahnsteig_PF
1782345,63781144651105,99_Bahnsteig_PF,99_Bahnsteig_PF,99_Bahnsteig_PF
1782354,63781144651115,99_Bahnsteig_PF,99_Bahnsteig_PF,99_Bahnsteig_PF
1782370,63781144651127,99_Bahnsteig_PF,99_Bahnsteig_PF,99_Bahnsteig_PF
1782379,63781144651137,99_Bahnsteig_PF,99_Bahnsteig_PF,99_Bahnsteig_PF
1782387,63781144651148,99_Bahnsteig_PF,99_Bahnsteig_PF,99_Bahnsteig_PF
1782404,63781144651159,99_Bahnsteig_PF,99_Bahnsteig_PF,99_Bahnsteig_PF
1782412,63781144651171,99_Bahnsteig_PF,99_Bahnsteig_PF,99_Bahnsteig_PF
1782420,63781144651182,99_Bahnsteig_PF,99_Bahnsteig_PF,99_Bahnsteig_PF
1782437,63781144651193,99_Bahnsteig_PF,99_Bahnsteig_PF,99_Bahnsteig_PF
1782445,63781144651204,99_Bahnsteig_PF,99_Bahnsteig_PF,99_Bahnsteig_PF
1782454,63781144651215,99_Bahnsteig_PF,99_Bahnsteig_PF,99_Bahnsteig_PF
1782470,63781144651227,99_Bahnsteig_PF,99_Bahnsteig_PF,99_Bahnsteig_PF
1782479,63781144651237,99_Bahnsteig_PF,99_Bahnsteig_PF,99_Bahnsteig_PF
1782487,63781144651248,99_Bahnsteig_PF,99_Bahnsteig_PF,99_Bahnsteig_PF
1782504,63781144651260,99_Bahnsteig_PF,99_Bahnsteig_PF,99_Bahnsteig_PF
1782512,63781144651271,99_Bahnsteig_PF,99_Bahnsteig_PF,99_Bahnsteig_PF
1782520,63781144651282,99_Bahnsteig_PF,99_Bahnsteig_PF,99_Bahnsteig_PF
1782537,63781144651293,99_Bahnsteig_PF,99_Bahnsteig_PF,99_Bahnsteig_PF
1782545,63781144651305,99_Bahnsteig_PF,99_Bahnsteig_PF,99_Bahnsteig_PF
1782554,63781144651315,99_Bahnsteig_PF,99_Bahnsteig_PF,99_Bahnsteig_PF
1782571,63781144651326,99_Bahnsteig_PF,99_Bahnsteig_PF,99_Bahnsteig_PF
1782579,63781144651337,99_Bahnsteig_PF,99_Bahnsteig_PF,99_Bahnsteig_PF
1782587,63781144651349,99_Bahnsteig_PF,99_Bahnsteig_PF,99_Bahnsteig_PF
1782604,63781144651359,99_Bahnsteig_PF,99_Bahnsteig_PF,99_Bahnsteig_PF
1782612,63781144651371,99_Bahnsteig_PF,99_Bahnsteig_PF,99_Bahnsteig_PF
1782620,63781144651382,99_Bahnsteig_PF,99_Bahnsteig_PF,99_Bahnsteig_PF
1782637,63781144651393,99_Bahnsteig_PF,99_Bahnsteig_PF,99_Bahnsteig_PF
1782645,63781144651404,99_Bahnsteig_PF,99_Bahnsteig_PF,99_Bahnsteig_PF
1782654,63781144651415,99_Bahnsteig_PF,99_Bahnsteig_PF,99_Bahnsteig_PF
1782670,63781144651426,99_Bahnsteig_PF,99_Bahnsteig_PF,99_Bahnsteig_PF
1782679,63781144651437,99_Bahnsteig_PF,99_Bahnsteig_PF,99_Bahnsteig_PF
1782704,63781144651460,99_Bahnsteig_PF,99_Bahnsteig_PF,99_Bahnsteig_PF
1782712,63781144651471,99_Bahnsteig_PF,99_Bahnsteig_PF,99_Bahnsteig_PF
1782720,63781144651482,99_Bahnsteig_PF,99_Bahnsteig_PF,99_Bahnsteig_PF
1782737,63781144651493,99_Bahnsteig_PF,99_Bahnsteig_PF,99_Bahnsteig_PF
1782745,63781144651504,99_Bahnsteig_PF,99_Bahnsteig_PF,99_Bahnsteig_PF
1782754,63781144651515,99_Bahnsteig_PF,99_Bahnsteig_PF,99_Bahnsteig_PF
1782770,63781144651526,99_Bahnsteig_PF,99_Bahnsteig_PF,99_Bahnsteig_PF
1782779,63781144651537,99_Bahnsteig_PF,99_Bahnsteig_PF,99_Bahnsteig_PF
1782787,63781144651548,99_Bahnsteig_PF,99_Bahnsteig_PF,99_Bahnsteig_PF
1782804,63781144651559,99_Bahnsteig_PF,99_Bahnsteig_PF,99_Bahnsteig_PF
1782812,63781144651570,99_Bahnsteig_PF,99_Bahnsteig_PF,99_Bahnsteig_PF
1782820,63781144651581,99_Bahnsteig_PF,99_Bahnsteig_PF,99_Bahnsteig_PF
1782837,63781144651596,99_Bahnsteig_PF,99_Bahnsteig_PF,99_Bahnsteig_PF
1782845,63781144651604,99_Bahnsteig_PF,99_Bahnsteig_PF,99_Bahnsteig_PF
1782854,63781144651615,99_Bahnsteig_PF,99_Bahnsteig_PF,99_Bahnsteig_PF
1782862,63781144651624,99_Bahnsteig_PF,99_Bahnsteig_PF,99_Bahnsteig_PF
1782879,63781144651635,99_Bahnsteig_PF,99_Bahnsteig_PF,99_Bahnsteig_PF
1782887,63781144651646,99_Bahnsteig_PF,99_Bahnsteig_PF,99_Bahnsteig_PF
1782895,63781144651657,99_Bahnsteig_PF,99_Bahnsteig_PF,99_Bahnsteig_PF
1782912,63781144651668,99_Bahnsteig_PF,99_Bahnsteig_PF,99_Bahnsteig_PF
1782920,63781144651679,99_Bahnsteig_PF,99_Bahnsteig_PF,99_Bahnsteig_PF
1782937,63781144651691,99_Bahnsteig_PF,99_Bahnsteig_PF,99_Bahnsteig_PF
1782945,63781144651701,99_Bahnsteig_PF,99_Bahnsteig_PF,99_Bahnsteig_PF
1782954,63781144651713,99_Bahnsteig_PF,99_Bahnsteig_PF,99_Bahnsteig_PF
1782962,63781144651724,99_Bahnsteig_PF,99_Bahnsteig_PF,99_Bahnsteig_PF
1782979,63781144651735,99_Bahnsteig_PF,99_Bahnsteig_PF,99_Bahnsteig_PF
1782987,63781144651746,99_Bahnsteig_PF,99_Bahnsteig_PF,99_Bahnsteig_PF
1782995,63781144651757,99_Bahnsteig_PF,99_Bahnsteig_PF,99_Bahnsteig_PF
1783012,63781144651768,99_Bahnsteig_PF,99_Bahnsteig_PF,99_Bahnsteig_PF
1783020,63781144651779,99_Bahnsteig_PF,99_Bahnsteig_PF,99_Bahnsteig_PF
1783029,63781144651791,99_Bahnsteig_PF,99_Bahnsteig_PF,99_Bahnsteig_PF
1783045,63781144651801,99_Bahnsteig_PF,99_Bahnsteig_PF,99_Bahnsteig_PF
1783054,63781144651812,99_Bahnsteig_PF,99_Bahnsteig_PF,99_Bahnsteig_PF
1783062,63781144651824,99_Bahnsteig_PF,99_Bahnsteig_PF,99_Bahnsteig_PF
1783079,63781144651835,99_Bahnsteig_PF,99_Bahnsteig_PF,99_Bahnsteig_PF
1783087,63781144651846,99_Bahnsteig_PF,99_Bahnsteig_PF,99_Bahnsteig_PF
1783095,63781144651857,99_Bahnsteig_PF,99_Bahnsteig_PF,99_Bahnsteig_PF
1783112,63781144651868,99_Bahnsteig_PF,99_Bahnsteig_PF,99_Bahnsteig_PF
1783120,63781144651879,99_Bahnsteig_PF,99_Bahnsteig_PF,99_Bahnsteig_PF
1783129,63781144651890,99_Bahnsteig_PF,99_Bahnsteig_PF,99_Bahnsteig_PF
1783145,63781144651901,99_Bahnsteig_PF,99_Bahnsteig_PF,99_Bahnsteig_PF
1783154,63781144651912,99_Bahnsteig_PF,99_Bahnsteig_PF,99_Bahnsteig_PF
1783162,63781144651923,99_Bahnsteig_PF,99_Bahnsteig_PF,99_Bahnsteig_PF
1783179,63781144651935,99_Bahnsteig_PF,99_Bahnsteig_PF,99_Bahnsteig_PF
1783187,63781144651946,99_Bahnsteig_PF,99_Bahnsteig_PF,99_Bahnsteig_PF
1783195,63781144651957,99_Bahnsteig_PF,99_Bahnsteig_PF,99_Bahnsteig_PF
1783212,63781144651968,99_Bahnsteig_PF,99_Bahnsteig_PF,99_Bahnsteig_PF
1783220,63781144651980,99_Bahnsteig_PF,99_Bahnsteig_PF,99_Bahnsteig_PF
1783229,63781144651991,99_Bahnsteig_PF,99_Bahnsteig_PF,99_Bahnsteig_PF
1783245,63781144652002,99_Bahnsteig_PF,99_Bahnsteig_PF,99_Bahnsteig_PF
1783254,63781144652013,99_Bahnsteig_PF,99_Bahnsteig_PF,99_Bahnsteig_PF
1783262,63781144652024,99_Bahnsteig_PF,99_Bahnsteig_PF,99_Bahnsteig_PF
1783279,63781144652036,99_Bahnsteig_PF,99_Bahnsteig_PF,99_Bahnsteig_PF
1783287,63781144652047,99_Bahnsteig_PF,99_Bahnsteig_PF,99_Bahnsteig_PF
1783304,63781144652058,99_Bahnsteig_PF,99_Bahnsteig_PF,99_Bahnsteig_PF
1783312,63781144652070,99_Bahnsteig_PF,99_Bahnsteig_PF,99_Bahnsteig_PF
1783320,63781144652080,99_Bahnsteig_PF,99_Bahnsteig_PF,99_Bahnsteig_PF
1783337,63781144652092,99_Bahnsteig_PF,99_Bahnsteig_PF,99_Bahnsteig_PF
1783345,63781144652104,99_Bahnsteig_PF,99_Bahnsteig_PF,99_Bahnsteig_PF
1783354,63781144652114,99_Bahnsteig_PF,99_Bahnsteig_PF,99_Bahnsteig_PF
1783370,63781144652126,99_Bahnsteig_PF,99_Bahnsteig_PF,99_Bahnsteig_PF
1783379,63781144652137,99_Bahnsteig_PF,99_Bahnsteig_PF,99_Bahnsteig_PF
1783387,63781144652148,99_Bahnsteig_PF,99_Bahnsteig_PF,99_Bahnsteig_PF
1783404,63781144652159,4_GroßeTreppe_Stairs,99_Bahnsteig_PF,99_Bahnsteig_PF
1783412,63781144652170,4_GroßeTreppe_Stairs,99_Bahnsteig_PF,99_Bahnsteig_PF
1783420,63781144652181,4_GroßeTreppe_Stairs,99_Bahnsteig_PF,99_Bahnsteig_PF
1783437,63781144652192,4_GroßeTreppe_Stairs,99_Bahnsteig_PF,99_Bahnsteig_PF
1783445,63781144652203,4_GroßeTreppe_Stairs,99_Bahnsteig_PF,99_Bahnsteig_PF
1783454,63781144652215,4_GroßeTreppe_Stairs,99_Bahnsteig_PF,99_Bahnsteig_PF
1783470,63781144652226,4_GroßeTreppe_Stairs,99_Bahnsteig_PF,99_Bahnsteig_PF
1783479,63781144652237,4_GroßeTreppe_Stairs,99_Bahnsteig_PF,99_Bahnsteig_PF
1783487,63781144652248,4_GroßeTreppe_Stairs,99_Bahnsteig_PF,99_Bahnsteig_PF
1783504,63781144652259,4_GroßeTreppe_Stairs,99_Bahnsteig_PF,99_Bahnsteig_PF
1783512,63781144652270,99_Bahnsteig_PF,99_Bahnsteig_PF,99_Bahnsteig_PF
1783520,63781144652281,99_Bahnsteig_PF,99_Bahnsteig_PF,99_Bahnsteig_PF
1783537,63781144652293,99_Bahnsteig_PF,99_Bahnsteig_PF,99_Bahnsteig_PF
1783545,63781144652304,99_Bahnsteig_PF,99_Bahnsteig_PF,99_Bahnsteig_PF
1783554,63781144652315,99_Bahnsteig_PF,99_Bahnsteig_PF,99_Bahnsteig_PF
1783570,63781144652326,99_Bahnsteig_PF,99_Bahnsteig_PF,99_Bahnsteig_PF
1783579,63781144652337,99_Bahnsteig_PF,99_Bahnsteig_PF,99_Bahnsteig_PF
1783587,63781144652348,99_Bahnsteig_PF,99_Bahnsteig_PF,99_Bahnsteig_PF
1783604,63781144652359,99_Bahnsteig_PF,99_Bahnsteig_PF,99_Bahnsteig_PF
1783612,63781144652370,99_Bahnsteig_PF,99_Bahnsteig_PF,99_Bahnsteig_PF
1783620,63781144652381,99_Bahnsteig_PF,99_Bahnsteig_PF,99_Bahnsteig_PF
1783637,63781144652392,99_Bahnsteig_PF,MetallAbgrenzung,99_Bahnsteig_PF
1783645,63781144652404,99_Bahnsteig_PF,MetallAbgrenzung,99_Bahnsteig_PF
1783654,63781144652414,99_Bahnsteig_PF,99_Bahnsteig_PF,99_Bahnsteig_PF
1783670,63781144652425,99_Bahnsteig_PF,99_Bahnsteig_PF,99_Bahnsteig_PF
1783679,63781144652436,99_Bahnsteig_PF,99_Bahnsteig_PF,99_Bahnsteig_PF
1783687,63781144652448,99_Bahnsteig_PF,99_Bahnsteig_PF,99_Bahnsteig_PF
1783704,63781144652459,99_Bahnsteig_PF,99_Bahnsteig_PF,99_Bahnsteig_PF
1783712,63781144652470,99_Bahnsteig_PF,99_Bahnsteig_PF,99_Bahnsteig_PF
1783720,63781144652483,99_Bahnsteig_PF,MetallAbgrenzung,99_Bahnsteig_PF
1783737,63781144652493,99_Bahnsteig_PF,99_Bahnsteig_PF,99_Bahnsteig_PF
1783745,63781144652504,99_Bahnsteig_PF,99_Bahnsteig_PF,99_Bahnsteig_PF
1783754,63781144652515,4_GroßeTreppe_Stairs,99_Bahnsteig_PF,99_Bahnsteig_PF
1783770,63781144652526,4_GroßeTreppe_Stairs,99_Bahnsteig_PF,99_Bahnsteig_PF
1783779,63781144652538,4_GroßeTreppe_Stairs,99_Bahnsteig_PF,99_Bahnsteig_PF
1783787,63781144652549,4_GroßeTreppe_Stairs,99_Bahnsteig_PF,99_Bahnsteig_PF
1783804,63781144652560,4_GroßeTreppe_Stairs,99_Bahnsteig_PF,99_Bahnsteig_PF
1783812,63781144652571,99_Bahnsteig_PF,99_Bahnsteig_PF,99_Bahnsteig_PF
1783820,63781144652582,4_GroßeTreppe_Stairs,99_Bahnsteig_PF,99_Bahnsteig_PF
1783837,63781144652593,99_Bahnsteig_PF,99_Bahnsteig_PF,99_Bahnsteig_PF
1783845,63781144652604,4_GroßeTreppe_Stairs,99_Bahnsteig_PF,99_Bahnsteig_PF
1783854,63781144652615,4_GroßeTreppe_Stairs,99_Bahnsteig_PF,99_Bahnsteig_PF
1783870,63781144652627,4_GroßeTreppe_Stairs,99_Bahnsteig_PF,99_Bahnsteig_PF
1783879,63781144652638,4_GroßeTreppe_Stairs,99_Bahnsteig_PF,99_Bahnsteig_PF
1783887,63781144652649,99_Bahnsteig_PF,99_Bahnsteig_PF,99_Bahnsteig_PF
1783904,63781144652660,3_Rolltreppe_PF,99_Bahnsteig_PF,99_Bahnsteig_PF
1783912,63781144652671,99_Bahnsteig_PF,99_Bahnsteig_PF,99_Bahnsteig_PF
1783920,63781144652682,99_Bahnsteig_PF,99_Bahnsteig_PF,99_Bahnsteig_PF
1783937,63781144652693,Cube (1),3_Rolltreppe_PF (2),Cube (1)
1783945,63781144652704,Ecke,None,Ecke
1783954,63781144652716,None,None,None
1783970,63781144652726,None,None,None
1783979,63781144652737,None,None,None
1783987,63781144652748,None,None,None
1784004,63781144652760,None,None,None
1784012,63781144652771,None,None,None
1784020,63781144652783,None,None,None
1784037,63781144652793,None,Ecke,None
1784045,63781144652804,None,None,None
1784054,63781144652815,None,None,None
1784070,63781144652827,None,None,None
1784079,63781144652837,None,None,None
1784087,63781144652848,None,None,None
1784104,63781144652860,None,None,None
1784112,63781144652871,None,None,None
1784120,63781144652882,None,None,None
1784137,63781144652893,None,Ecke,None
1784145,63781144652904,None,Ecke,None
1784153,63781144652915,None,Ecke,None
1784170,63781144652926,None,Ecke,None
1784178,63781144652938,None,Ecke,None
1784187,63781144652948,None,Ecke,None
1784203,63781144652960,None,Ecke,None
1784212,63781144652971,None,Ecke,Ecke
1784220,63781144652981,None,None,None
1784237,63781144652993,None,None,None
1784245,63781144653004,None,None,None
1784253,63781144653015,Orientation Highlighting Plane,Orientation Highlighting Plane,Orientation Highlighting Plane
1784270,63781144653026,None,Orientation Highlighting Plane,None
1784278,63781144653037,None,None,None
1784287,63781144653048,None,None,None
1784303,63781144653060,None,Orientation Highlighting Plane,None
1784312,63781144653071,None,Orientation Highlighting Plane,None
1784320,63781144653082,None,Orientation Highlighting Plane,None
1784337,63781144653093,None,Orientation Highlighting Plane,None
1784345,63781144653104,None,Orientation Highlighting Plane,None
1784353,63781144653115,None,None,None
1784370,63781144653126,None,Orientation Highlighting Plane,None
1784378,63781144653137,None,None,None
1784387,63781144653148,None,Orientation Highlighting Plane,None
1784403,63781144653159,None,None,None
1784412,63781144653171,None,None,None
1784420,63781144653181,None,None,None
1784437,63781144653193,None,None,None
1784445,63781144653203,None,None,None
1784453,63781144653215,None,None,None
1784470,63781144653226,None,None,None
1784478,63781144653237,None,None,None
1784487,63781144653248,None,None,None
1784503,63781144653259,None,None,None
1784512,63781144653270,None,None,None
1784520,63781144653281,None,None,None
1784537,63781144653292,None,None,None
1784545,63781144653304,None,None,None
1784553,63781144653315,None,None,None
1784570,63781144653326,None,None,None
1784578,63781144653337,None,None,None
1784587,63781144653349,None,None,None
1784603,63781144653359,None,None,None
1784612,63781144653370,None,None,None
1784620,63781144653381,None,None,None
1784637,63781144653392,None,None,None
1784645,63781144653404,None,None,None
1784653,63781144653415,None,None,None
1784670,63781144653426,None,None,None
1784678,63781144653437,None,None,None
1784687,63781144653448,None,None,None
1784703,63781144653459,None,None,None
1784712,63781144653471,None,None,None
1784720,63781144653481,None,None,None
1784737,63781144653492,None,None,None
1784745,63781144653504,None,None,None
1784753,63781144653515,None,None,None
1784770,63781144653526,None,None,None
1784778,63781144653537,None,None,None
1784787,63781144653548,None,None,None
1784812,63781144653571,None,None,None
1784820,63781144653576,None,None,None
1784820,63781144653582,None,None,None
1784828,63781144653587,None,None,None
1784837,63781144653598,None,None,None
1784853,63781144653609,None,None,None
1784862,63781144653621,None,None,None
1784870,63781144653632,None,None,None
1784887,63781144653643,None,None,None
1784895,63781144653654,None,None,None
1784903,63781144653665,None,None,None
1784920,63781144653676,None,None,None
1784928,63781144653687,None,None,None
1784937,63781144653698,None,None,None
1784953,63781144653709,None,None,None
1784962,63781144653721,None,None,None
1784970,63781144653732,None,None,None
1784987,63781144653743,None,None,None
1784995,63781144653754,None,None,None
1785003,63781144653765,None,None,None
1785020,63781144653776,None,None,None
1785028,63781144653787,None,None,None
1785037,63781144653798,None,Notruf_nach-links,Notruf_nach-links
1785053,63781144653809,None,None,None
1785062,63781144653820,None,None,None
1785070,63781144653832,None,None,None
1785087,63781144653843,None,None,None
1785095,63781144653854,None,None,None
1785103,63781144653865,None,None,None
1785120,63781144653876,None,None,None
1785128,63781144653887,None,None,None
1785137,63781144653898,None,None,None
1785153,63781144653909,None,None,None
1785162,63781144653920,None,None,None
1785170,63781144653931,None,None,None
1785187,63781144653943,None,None,None
1785195,63781144653954,None,None,None
1785203,63781144653966,None,None,None
1785220,63781144653977,None,None,None
1785228,63781144653988,None,None,None
1785237,63781144653999,None,None,None
1785253,63781144654011,None,None,None
1785262,63781144654023,None,None,None
1785278,63781144654034,None,None,None
1785287,63781144654045,None,None,None
1785295,63781144654056,None,None,None
1785312,63781144654068,None,None,None
1785320,63781144654079,None,None,None
1785328,63781144654090,None,None,None
1785345,63781144654101,None,None,None
1785353,63781144654113,None,None,None
1785362,63781144654125,None,None,None
1785378,63781144654136,None,None,None
1785387,63781144654147,None,None,None
1785403,63781144654158,None,None,None
1785412,63781144654170,None,None,None
1785420,63781144654181,None,None,None
1785437,63781144654192,None,None,None
1785445,63781144654204,None,None,None
1785462,63781144654221,None,None,None
1785470,63781144654232,None,None,None
1785487,63781144654243,None,None,None
1785495,63781144654254,None,None,None
1785503,63781144654265,None,None,None
1785520,63781144654276,None,None,None
1785528,63781144654287,None,None,None
1785537,63781144654298,None,None,None
1785553,63781144654309,None,None,None
1785562,63781144654320,None,None,None
1785570,63781144654332,None,None,None
1785587,63781144654343,None,None,None
1785595,63781144654354,None,None,None
1785603,63781144654365,None,None,None
1785620,63781144654376,None,None,None
1785628,63781144654387,Orientation Highlighting Plane,None,None
1785637,63781144654398,None,None,None
1785653,63781144654409,None,None,None
1785662,63781144654420,None,None,None
1785670,63781144654431,None,None,None
1785686,63781144654443,None,4_GroßeTreppe_RailingCover,None
1785695,63781144654453,None,4_GroßeTreppe_RailingCover,None
1785703,63781144654465,None,LM|StoreBanderole,None
1785720,63781144654476,None,None,None
1785728,63781144654487,None,None,None
1785736,63781144654498,None,None,None
1785753,63781144654509,None,None,None
1785761,63781144654520,None,None,None
1785770,63781144654531,None,None,None
1785786,63781144654543,None,None,None
1785795,63781144654554,None,None,None
1785803,63781144654565,None,None,None
1785820,63781144654576,None,None,None
1785828,63781144654587,None,Ecke,None
1785836,63781144654598,None,Ecke,None
1785853,63781144654609,None,None,None
1785861,63781144654620,None,Ecke,None
1785870,63781144654632,None,None,None
1785886,63781144654642,None,None,None
1785895,63781144654654,None,Ecke,None
1785903,63781144654665,None,None,None
1785920,63781144654676,None,None,None
1785928,63781144654687,None,None,None
1785936,63781144654698,None,None,None
1785953,63781144654710,None,None,None
1785961,63781144654721,None,None,None
1785978,63781144654733,None,Ecke,None
1785986,63781144654744,None,Ecke,None
1785995,63781144654756,None,None,None
1786011,63781144654767,None,None,None
1786020,63781144654778,None,None,None
1786028,63781144654790,None,None,None
1786045,63781144654802,None,None,None
1786053,63781144654813,None,None,None
1786070,63781144654824,None,None,None
1786078,63781144654836,None,None,None
1786086,63781144654847,None,None,None
1786103,63781144654858,None,None,None
1786111,63781144654869,None,None,None
1786120,63781144654880,None,None,None
1786136,63781144654891,None,None,None
1786145,63781144654903,None,None,None
1786153,63781144654914,None,None,None
1786170,63781144654925,None,None,None
1786178,63781144654936,None,None,None
1786186,63781144654947,None,None,None
1786203,63781144654958,None,None,None
1786211,63781144654969,None,None,None
1786220,63781144654980,None,None,None
1786236,63781144654992,None,None,None
1786245,63781144655002,None,None,None
1786253,63781144655014,None,None,None
1786270,63781144655025,None,None,None
1786278,63781144655036,None,None,None
1786286,63781144655047,None,None,None
1786303,63781144655058,None,None,None
1786311,63781144655069,None,None,None
1786320,63781144655080,None,None,None
1786336,63781144655091,None,None,None
1786345,63781144655103,None,None,None
1786353,63781144655113,None,None,None
1786370,63781144655125,None,None,None
1786378,63781144655136,None,None,None
1786386,63781144655147,None,None,None
1786403,63781144655158,None,None,None
1786411,63781144655169,None,None,None
1786420,63781144655180,None,None,None
1786428,63781144655191,None,None,None
1786445,63781144655202,None,None,None
1786453,63781144655214,None,None,None
1786470,63781144655225,None,None,None
1786478,63781144655236,None,None,None
1786486,63781144655247,None,None,None
1786503,63781144655258,None,None,None
1786511,63781144655269,None,None,None
1786520,63781144655280,None,None,None
1786536,63781144655291,None,None,None
1786545,63781144655302,None,None,None
1786553,63781144655314,None,None,None
1786570,63781144655324,None,None,None
1786578,63781144655336,None,None,None
1786586,63781144655347,None,None,None
1786603,63781144655358,None,None,None
1786611,63781144655369,None,None,None
1786620,63781144655380,None,None,None
1786636,63781144655391,None,None,None
1786645,63781144655402,None,None,None
1786653,63781144655414,None,None,None
1786670,63781144655425,None,None,None
1786678,63781144655436,None,None,None
1786686,63781144655447,None,None,None
1786703,63781144655458,None,None,None
1786711,63781144655469,None,None,None
1786720,63781144655480,None,None,None
1786736,63781144655491,None,None,None
1786745,63781144655502,None,Wayfinding_S,None
1786753,63781144655513,None,None,None
1786761,63781144655524,None,None,None
1786778,63781144655536,None,None,None
1786786,63781144655547,None,None,None
1786803,63781144655558,None,None,None
1786811,63781144655569,None,None,None
1786820,63781144655580,None,None,None
1786836,63781144655592,None,None,None
1786845,63781144655602,None,None,None
1786853,63781144655613,None,None,None
1786870,63781144655625,None,None,None
1786878,63781144655635,None,None,None
1786886,63781144655646,None,None,None
1786903,63781144655658,None,None,None
1786911,63781144655669,None,None,None
1786920,63781144655680,None,None,None
1786936,63781144655691,None,None,None
1786945,63781144655702,None,None,None
1786953,63781144655713,None,None,None
1786970,63781144655725,None,None,None
1786978,63781144655736,None,None,None
1786986,63781144655747,None,None,None
1787003,63781144655758,None,None,None
1787011,63781144655769,None,None,None
1787020,63781144655780,None,None,None
1787036,63781144655791,None,None,None
1787045,63781144655802,None,None,None
1787053,63781144655813,None,None,None
1787070,63781144655825,None,None,None
1787078,63781144655836,None,None,None
1787086,63781144655846,None,None,None
1787103,63781144655858,None,99_Bahnsteig_PF,99_Bahnsteig_PF
1787111,63781144655869,None,None,None
1787120,63781144655880,None,None,None
1787136,63781144655891,None,None,None
1787145,63781144655902,None,None,None
1787153,63781144655913,None,None,None
1787170,63781144655924,None,None,None
1787178,63781144655936,None,None,None
1787186,63781144655947,None,None,None
1787203,63781144655957,None,None,None
1787211,63781144655969,None,None,None
1787220,63781144655980,None,None,None
1787228,63781144655991,None,None,None
1787245,63781144656002,None,None,None
1787253,63781144656013,None,None,None
1787270,63781144656024,None,None,None
1787278,63781144656036,None,None,None
1787286,63781144656046,None,None,None
1787303,63781144656058,None,None,None
1787311,63781144656069,None,None,None
1787319,63781144656080,None,None,None
1787328,63781144656090,None,None,None
1787344,63781144656102,None,None,None
1787353,63781144656113,None,None,None
1787369,63781144656124,None,None,None
1787378,63781144656136,None,None,None
1787386,63781144656146,None,None,None
1787403,63781144656157,None,None,None
1787411,63781144656169,None,None,None
1787419,63781144656179,None,None,None
1787428,63781144656190,None,None,None
1787444,63781144656202,None,None,None
1787453,63781144656213,None,None,None
1787469,63781144656224,None,None,None
1787478,63781144656235,None,None,None
1787486,63781144656246,None,None,None
1787503,63781144656257,None,None,None
1787511,63781144656269,None,None,None
1787519,63781144656281,None,None,None
1787536,63781144656291,None,None,None
1787544,63781144656302,None,None,None
1787553,63781144656313,None,None,None
1787569,63781144656324,None,None,None
1787578,63781144656335,None,None,None
1787586,63781144656346,None,None,None
1787603,63781144656357,None,None,None
1787611,63781144656369,None,None,None
1787619,63781144656380,None,None,None
1787636,63781144656390,None,None,None
1787644,63781144656401,None,None,None
1787653,63781144656413,None,None,None
1787669,63781144656425,None,None,None
1787678,63781144656436,None,None,None
1787686,63781144656446,None,None,None
1787703,63781144656457,None,None,None
1787711,63781144656468,None,None,None
1787719,63781144656479,None,None,None
1787736,63781144656491,None,None,None
1787744,63781144656502,None,None,None
1787753,63781144656513,None,None,None
1787769,63781144656524,None,None,None
1787778,63781144656535,None,None,None
1787786,63781144656546,None,None,None
1787803,63781144656557,None,None,None
1787811,63781144656569,None,None,None
1787819,63781144656579,None,None,None
1787836,63781144656590,None,None,None
1787844,63781144656602,None,None,None
1787853,63781144656612,None,None,None
1787869,63781144656624,None,None,None
1787878,63781144656635,None,None,None
1787894,63781144656656,None,None,None
1787903,63781144656661,None,None,None
1787911,63781144656666,None,None,None
1787919,63781144656674,None,None,None
1787928,63781144656685,None,None,None
1787936,63781144656696,None,None,None
1787953,63781144656708,None,None,None
1787961,63781144656719,None,None,None
1787969,63781144656730,None,None,None
1787986,63781144656741,None,None,None
1787994,63781144656752,None,None,None
1788003,63781144656763,None,None,None
1788019,63781144656774,None,None,None
1788028,63781144656785,None,None,None
1788036,63781144656797,None,None,None
1788053,63781144656807,None,None,None
1788061,63781144656819,None,None,None
1788069,63781144656830,None,None,None
1788086,63781144656841,None,None,None
1788094,63781144656852,None,None,None
1788103,63781144656863,None,None,None
1788119,63781144656874,None,None,None
1788128,63781144656885,None,None,None
1788136,63781144656896,None,None,None
1788153,63781144656908,None,None,None
1788161,63781144656920,None,None,None
1788169,63781144656931,None,None,None
1788186,63781144656942,None,None,None
1788194,63781144656953,None,None,None
1788202,63781144656964,None,None,None
1788219,63781144656975,None,None,None
1788227,63781144656987,None,None,None
1788236,63781144656997,None,None,None
1788252,63781144657008,None,None,None
1788261,63781144657020,None,None,None
1788269,63781144657031,None,None,None
1788286,63781144657042,None,None,None
1788294,63781144657053,None,None,None
1788302,63781144657064,None,None,None
1788319,63781144657075,None,None,None
1788327,63781144657086,None,None,None
1788336,63781144657097,None,None,None
1788352,63781144657108,None,None,None
1788361,63781144657120,None,None,None
1788369,63781144657131,None,None,None
1788386,63781144657143,None,None,None
1788394,63781144657154,None,None,None
1788402,63781144657165,None,None,None
1788419,63781144657177,None,None,None
1788427,63781144657188,None,None,None
1788444,63781144657200,None,None,None
1788452,63781144657212,None,None,None
1788461,63781144657223,None,None,None
1788477,63781144657234,None,Notruf_nach-links,None
1788486,63781144657246,None,Wayfinding_S,Wayfinding_S
1788494,63781144657257,None,None,Wayfinding_S
1788511,63781144657268,None,None,Wayfinding_S
1788519,63781144657280,None,None,Wayfinding_S
1788527,63781144657291,Wayfinding_S,None,Wayfinding_S
1788544,63781144657303,Wayfinding_S,None,Wayfinding_S
1788552,63781144657314,Wayfinding_S,None,Wayfinding_S
1788569,63781144657324,Wayfinding_S,None,Wayfinding_S
1788577,63781144657336,Wayfinding_S,None,Wayfinding_S
1788586,63781144657347,Wayfinding_S,None,Wayfinding_S
1788602,63781144657358,Wayfinding_S,None,Wayfinding_S
1788611,63781144657369,Wayfinding_S,None,Wayfinding_S
1788619,63781144657380,Wayfinding_S,None,Wayfinding_S
1788636,63781144657391,Wayfinding_S,None,Wayfinding_S
1788644,63781144657402,Wayfinding_S,None,Wayfinding_S
1788652,63781144657413,Wayfinding_S,None,Wayfinding_S
1788661,63781144657424,Wayfinding_S,None,Wayfinding_S
1788677,63781144657435,Wayfinding_S,None,Wayfinding_S
1788686,63781144657447,Mittelteil,None,Wayfinding_S
1788702,63781144657458,Mittelteil,None,Wayfinding_S
1788711,63781144657469,Mittelteil,None,Wayfinding_S
1788719,63781144657480,Mittelteil,None,Wayfinding_S
1788736,63781144657491,Mittelteil,Wayfinding_S,Wayfinding_S
1788744,63781144657502,Mittelteil,Notruf_nach-links,Wayfinding_S
1788752,63781144657513,Mittelteil,Notruf_nach-links,Wayfinding_S
1788769,63781144657524,Mittelteil,Notruf_nach-links,Wayfinding_S
1788778,63781144657536,Wayfinding_S,Notruf_nach-links,Wayfinding_S
1788786,63781144657547,Wayfinding_S,Wayfinding_S,Wayfinding_S
1788803,63781144657557,Mittelteil,Wayfinding_S,Wayfinding_S
1788811,63781144657569,Mittelteil,Wayfinding_S,Wayfinding_S
1788819,63781144657580,Mittelteil,Wayfinding_S,Wayfinding_S
1788828,63781144657591,Mittelteil,Wayfinding_S,Wayfinding_S
1788844,63781144657602,Mittelteil,Notruf_nach-links,Wayfinding_S
1788853,63781144657613,Mittelteil,Notruf_nach-links,Wayfinding_S
1788869,63781144657624,Mittelteil,Notruf_nach-links,Wayfinding_S
1788877,63781144657635,None,Mittelteil,Mittelteil
1788886,63781144657646,None,Wayfinding_S,Wayfinding_S
1788902,63781144657658,None,None,None
1788911,63781144657669,None,None,None
1788919,63781144657679,None,None,None
1788936,63781144657691,None,None,None
1788944,63781144657702,None,None,None
1788952,63781144657713,None,None,None
1788969,63781144657724,None,None,None
1788977,63781144657735,None,None,None
1788986,63781144657746,None,None,None
1788994,63781144657757,None,None,None
1789011,63781144657769,None,None,None
1789019,63781144657779,None,None,None
1789027,63781144657791,None,None,None
1789044,63781144657802,None,None,None
1789052,63781144657813,None,None,None
1789069,63781144657824,None,None,None
1789077,63781144657835,None,None,None
1789086,63781144657846,None,None,None
1789094,63781144657857,None,None,None
1789111,63781144657869,None,None,None
1789119,63781144657880,None,None,None
1789127,63781144657890,None,None,None
1789144,63781144657902,None,None,None
1789152,63781144657913,None,None,None
1789169,63781144657924,None,None,None
1789177,63781144657936,None,None,None
1789186,63781144657947,None,None,None
1789202,63781144657957,None,None,None
1789211,63781144657968,None,None,None
1789219,63781144657980,None,None,None
1789227,63781144657990,None,None,None
1789244,63781144658002,None,None,None
1789252,63781144658013,None,None,None
1789261,63781144658024,None,None,None
1789277,63781144658036,None,None,None
1789286,63781144658046,None,None,None
1789294,63781144658057,None,None,None
1789311,63781144658068,None,None,None
1789319,63781144658080,None,None,None
1789327,63781144658090,None,None,None
1789344,63781144658101,None,None,None
1789352,63781144658113,None,None,None
1789369,63781144658124,None,None,None
1789377,63781144658135,None,None,None
1789386,63781144658146,None,None,None
1789394,63781144658157,None,None,None
1789411,63781144658168,None,None,None
1789419,63781144658179,None,Orientation Highlighting Plane,None
1789427,63781144658190,None,Orientation Highlighting Plane,Orientation Highlighting Plane
1789444,63781144658202,None,Orientation Highlighting Plane,Orientation Highlighting Plane
1789452,63781144658213,None,Orientation Highlighting Plane,Orientation Highlighting Plane
1789469,63781144658224,None,Orientation Highlighting Plane,Orientation Highlighting Plane
1789477,63781144658235,None,Orientation Highlighting Plane,Orientation Highlighting Plane
1789486,63781144658246,None,Orientation Highlighting Plane,Orientation Highlighting Plane
1789494,63781144658257,None,Orientation Highlighting Plane,Orientation Highlighting Plane
1789511,63781144658268,None,Orientation Highlighting Plane,Orientation Highlighting Plane
1789519,63781144658279,None,Orientation Highlighting Plane,Orientation Highlighting Plane
1789527,63781144658291,None,Orientation Highlighting Plane,Orientation Highlighting Plane
1789544,63781144658302,None,Orientation Highlighting Plane,Orientation Highlighting Plane
1789552,63781144658313,None,Orientation Highlighting Plane,Orientation Highlighting Plane
1789569,63781144658324,None,Orientation Highlighting Plane,Orientation Highlighting Plane
1789577,63781144658335,None,Orientation Highlighting Plane,Orientation Highlighting Plane
1789586,63781144658346,None,Orientation Highlighting Plane,Orientation Highlighting Plane
1789602,63781144658357,None,None,None
1789611,63781144658368,None,Orientation Highlighting Plane,Orientation Highlighting Plane
1789619,63781144658379,None,Orientation Highlighting Plane,Orientation Highlighting Plane
1789636,63781144658391,None,Orientation Highlighting Plane,Orientation Highlighting Plane
1789644,63781144658401,None,Orientation Highlighting Plane,Orientation Highlighting Plane
1789652,63781144658413,None,Orientation Highlighting Plane,Orientation Highlighting Plane
1789661,63781144658424,None,Orientation Highlighting Plane,Orientation Highlighting Plane
1789677,63781144658435,None,Orientation Highlighting Plane,Orientation Highlighting Plane
1789686,63781144658446,None,Orientation Highlighting Plane,Orientation Highlighting Plane
1789694,63781144658457,None,None,Orientation Highlighting Plane
1789711,63781144658468,None,Orientation Highlighting Plane,None
1789719,63781144658480,None,Orientation Highlighting Plane,Orientation Highlighting Plane
1789736,63781144658490,Orientation Highlighting Plane,Orientation Highlighting Plane,Orientation Highlighting Plane
1789744,63781144658501,None,None,None
1789752,63781144658513,None,None,None
1789761,63781144658523,None,None,None
1789777,63781144658535,None,None,None
1789786,63781144658546,None,None,None
1789802,63781144658557,None,None,None
1789811,63781144658568,None,None,None
1789819,63781144658579,None,None,None
1789827,63781144658590,None,None,None
1789844,63781144658601,None,None,None
1789852,63781144658613,None,None,None
1789861,63781144658623,None,None,None
1789877,63781144658635,None,None,None
1789886,63781144658646,None,None,None
1789894,63781144658657,None,None,None
1789911,63781144658668,None,None,None
1789919,63781144658679,None,None,None
1789936,63781144658691,None,None,None
1789944,63781144658702,None,None,None
1789952,63781144658712,None,None,None
1789960,63781144658723,None,None,None
1789977,63781144658734,None,None,None
1789985,63781144658746,None,None,None
1789994,63781144658757,None,None,None
1790010,63781144658768,None,None,None
1790019,63781144658779,None,None,None
1790027,63781144658790,None,None,None
1790044,63781144658801,None,None,None
1790052,63781144658812,None,None,None
1790060,63781144658823,None,Orientation Highlighting Plane,None
1790077,63781144658835,None,Orientation Highlighting Plane,None
1790085,63781144658845,None,Orientation Highlighting Plane,None
1790094,63781144658857,None,Orientation Highlighting Plane,None
1790110,63781144658868,None,Orientation Highlighting Plane,None
1790119,63781144658879,None,Orientation Highlighting Plane,None
1790127,63781144658890,None,Orientation Highlighting Plane,None
1790144,63781144658901,None,Orientation Highlighting Plane,None
1790152,63781144658912,None,Orientation Highlighting Plane,None
1790160,63781144658923,None,Orientation Highlighting Plane,None
1790177,63781144658934,None,None,None
1790186,63781144658946,None,None,None
1790194,63781144658956,None,None,None
1790211,63781144658968,None,None,None
1790219,63781144658979,None,None,None
1790227,63781144658990,None,None,None
1790244,63781144659001,None,None,None
1790252,63781144659013,None,None,None
1790261,63781144659023,None,None,None
1790277,63781144659035,None,None,None
1790286,63781144659046,None,None,None
1790294,63781144659057,None,None,None
1790311,63781144659068,None,None,None
1790319,63781144659079,None,None,None
1790327,63781144659090,None,None,None
1790344,63781144659101,None,None,None
1790352,63781144659112,None,None,None
1790361,63781144659123,None,None,None
1790377,63781144659134,None,None,None
1790386,63781144659146,None,None,None
1790394,63781144659156,None,None,None
1790411,63781144659168,None,None,None
1790419,63781144659179,None,None,None
1790427,63781144659190,None,None,None
1790444,63781144659201,None,None,None
1790452,63781144659212,None,None,None
1790469,63781144659224,None,None,None
1790477,63781144659235,None,None,None
1790486,63781144659246,None,None,None
1790494,63781144659256,None,None,None
1790511,63781144659268,None,None,None
1790519,63781144659279,None,None,None
1790527,63781144659290,None,None,None
1790544,63781144659301,None,None,None
1790552,63781144659312,None,None,None
1790561,63781144659323,None,None,None
1790577,63781144659335,None,None,None
1790586,63781144659345,None,None,None
1790594,63781144659356,None,None,None
1790611,63781144659367,None,None,None
1790619,63781144659379,None,None,None
1790627,63781144659390,None,None,None
1790644,63781144659401,None,None,None
1790652,63781144659412,None,None,None
1790661,63781144659423,None,None,None
1790677,63781144659434,None,None,None
1790686,63781144659445,None,None,None
1790694,63781144659456,None,None,None
1790711,63781144659467,None,None,None
1790719,63781144659479,None,None,None
1790727,63781144659490,None,None,None
1790744,63781144659501,None,None,None
1790752,63781144659512,None,None,None
1790760,63781144659523,None,None,None
1790777,63781144659534,None,None,None
1790785,63781144659545,None,None,None
1790794,63781144659556,None,None,None
1790810,63781144659568,None,None,None
1790819,63781144659579,None,None,None
1790827,63781144659590,None,None,None
1790844,63781144659601,None,None,None
1790852,63781144659612,None,None,None
1790860,63781144659623,None,None,None
1790877,63781144659635,None,None,None
1790885,63781144659646,None,None,None
1790894,63781144659656,None,None,None
1790910,63781144659667,None,None,None
1790919,63781144659678,None,None,None
1790927,63781144659689,None,None,None
1790944,63781144659701,None,None,None
1790952,63781144659712,None,None,None
1790969,63781144659723,None,None,None
1790977,63781144659734,None,None,None
1790985,63781144659745,None,None,None
1790994,63781144659756,None,Orientation Highlighting Plane,None
1791010,63781144659767,None,Orientation Highlighting Plane,None
1791019,63781144659779,None,Orientation Highlighting Plane,None
1791035,63781144659790,None,Orientation Highlighting Plane,None
1791044,63781144659801,None,Orientation Highlighting Plane,None
1791052,63781144659811,None,Orientation Highlighting Plane,None
1791060,63781144659823,None,Orientation Highlighting Plane,None
1791077,63781144659834,None,Orientation Highlighting Plane,None
1791085,63781144659845,None,Orientation Highlighting Plane,None
1791094,63781144659856,None,Orientation Highlighting Plane,None
1791110,63781144659867,None,Orientation Highlighting Plane,None
1791119,63781144659878,None,Orientation Highlighting Plane,None
1791127,63781144659889,None,Orientation Highlighting Plane,None
1791144,63781144659901,None,Orientation Highlighting Plane,None
1791152,63781144659912,None,Orientation Highlighting Plane,None
1791160,63781144659923,None,Orientation Highlighting Plane,None
1791177,63781144659934,None,Orientation Highlighting Plane,None
1791185,63781144659945,None,Orientation Highlighting Plane,Orientation Highlighting Plane
1791194,63781144659956,None,Orientation Highlighting Plane,Orientation Highlighting Plane
1791210,63781144659967,Orientation Highlighting Plane,Orientation Highlighting Plane,Orientation Highlighting Plane
1791219,63781144659978,Orientation Highlighting Plane,Orientation Highlighting Plane,Orientation Highlighting Plane
1791227,63781144659989,Orientation Highlighting Plane,Orientation Highlighting Plane,Orientation Highlighting Plane
1791244,63781144660000,Orientation Highlighting Plane,Orientation Highlighting Plane,Orientation Highlighting Plane
1791252,63781144660011,Orientation Highlighting Plane,Orientation Highlighting Plane,Orientation Highlighting Plane
1791260,63781144660023,Orientation Highlighting Plane,Orientation Highlighting Plane,Orientation Highlighting Plane
1791277,63781144660034,Orientation Highlighting Plane,Orientation Highlighting Plane,Orientation Highlighting Plane
1791285,63781144660045,Orientation Highlighting Plane,Orientation Highlighting Plane,Orientation Highlighting Plane
1791294,63781144660056,Orientation Highlighting Plane,Orientation Highlighting Plane,Orientation Highlighting Plane
1791310,63781144660068,Orientation Highlighting Plane,Orientation Highlighting Plane,Orientation Highlighting Plane
1791319,63781144660078,Orientation Highlighting Plane,Orientation Highlighting Plane,Orientation Highlighting Plane
1791327,63781144660089,Orientation Highlighting Plane,Orientation Highlighting Plane,Orientation Highlighting Plane
1791344,63781144660101,Orientation Highlighting Plane,Orientation Highlighting Plane,Orientation Highlighting Plane
1791352,63781144660112,Orientation Highlighting Plane,Orientation Highlighting Plane,Orientation Highlighting Plane
1791360,63781144660123,Orientation Highlighting Plane,Orientation Highlighting Plane,Orientation Highlighting Plane
1791377,63781144660134,Orientation Highlighting Plane,Orientation Highlighting Plane,Orientation Highlighting Plane
1791385,63781144660145,Orientation Highlighting Plane,Orientation Highlighting Plane,Orientation Highlighting Plane
1791394,63781144660156,Orientation Highlighting Plane,Orientation Highlighting Plane,Orientation Highlighting Plane
1791410,63781144660167,Orientation Highlighting Plane,Orientation Highlighting Plane,Orientation Highlighting Plane
1791419,63781144660178,Orientation Highlighting Plane,Orientation Highlighting Plane,Orientation Highlighting Plane
1791427,63781144660189,Orientation Highlighting Plane,Orientation Highlighting Plane,Orientation Highlighting Plane
1791444,63781144660201,Orientation Highlighting Plane,Orientation Highlighting Plane,Orientation Highlighting Plane
1791452,63781144660212,Orientation Highlighting Plane,Orientation Highlighting Plane,Orientation Highlighting Plane
1791460,63781144660223,Orientation Highlighting Plane,Orientation Highlighting Plane,Orientation Highlighting Plane
1791477,63781144660234,Orientation Highlighting Plane,Orientation Highlighting Plane,Orientation Highlighting Plane
1791485,63781144660245,Orientation Highlighting Plane,Orientation Highlighting Plane,Orientation Highlighting Plane
1791494,63781144660256,Orientation Highlighting Plane,Orientation Highlighting Plane,Orientation Highlighting Plane
1791510,63781144660267,Orientation Highlighting Plane,Orientation Highlighting Plane,Orientation Highlighting Plane
1791519,63781144660278,Orientation Highlighting Plane,Orientation Highlighting Plane,Orientation Highlighting Plane
1791527,63781144660289,Orientation Highlighting Plane,Orientation Highlighting Plane,Orientation Highlighting Plane
1791544,63781144660301,Orientation Highlighting Plane,Orientation Highlighting Plane,Orientation Highlighting Plane
1791552,63781144660311,Orientation Highlighting Plane,Orientation Highlighting Plane,Orientation Highlighting Plane
1791569,63781144660327,Orientation Highlighting Plane,Orientation Highlighting Plane,Orientation Highlighting Plane
1791577,63781144660334,Orientation Highlighting Plane,Orientation Highlighting Plane,Orientation Highlighting Plane
1791585,63781144660341,Orientation Highlighting Plane,Orientation Highlighting Plane,Orientation Highlighting Plane
1791594,63781144660352,Orientation Highlighting Plane,Orientation Highlighting Plane,Orientation Highlighting Plane
1791602,63781144660363,Orientation Highlighting Plane,Orientation Highlighting Plane,Orientation Highlighting Plane
1791619,63781144660374,Orientation Highlighting Plane,Orientation Highlighting Plane,Orientation Highlighting Plane
1791627,63781144660386,Orientation Highlighting Plane,Orientation Highlighting Plane,Orientation Highlighting Plane
1791635,63781144660396,Orientation Highlighting Plane,Orientation Highlighting Plane,Orientation Highlighting Plane
1791652,63781144660408,Orientation Highlighting Plane,Orientation Highlighting Plane,Orientation Highlighting Plane
1791660,63781144660418,Orientation Highlighting Plane,Orientation Highlighting Plane,Orientation Highlighting Plane
1791669,63781144660430,Orientation Highlighting Plane,Orientation Highlighting Plane,Orientation Highlighting Plane
1791685,63781144660441,Orientation Highlighting Plane,Orientation Highlighting Plane,Orientation Highlighting Plane
1791694,63781144660452,Orientation Highlighting Plane,Orientation Highlighting Plane,Orientation Highlighting Plane
1791702,63781144660463,Orientation Highlighting Plane,Orientation Highlighting Plane,Orientation Highlighting Plane
1791719,63781144660474,Orientation Highlighting Plane,Orientation Highlighting Plane,Orientation Highlighting Plane
1791727,63781144660485,Orientation Highlighting Plane,Orientation Highlighting Plane,Orientation Highlighting Plane
1791735,63781144660497,Orientation Highlighting Plane,Orientation Highlighting Plane,Orientation Highlighting Plane
1791752,63781144660508,Orientation Highlighting Plane,Orientation Highlighting Plane,Orientation Highlighting Plane
1791760,63781144660518,Orientation Highlighting Plane,Station Name,Orientation Highlighting Plane
1791769,63781144660530,Orientation Highlighting Plane,Station Name,Orientation Highlighting Plane
1791785,63781144660541,Orientation Highlighting Plane,None,Orientation Highlighting Plane
1791794,63781144660552,Orientation Highlighting Plane,None,Orientation Highlighting Plane
1791802,63781144660563,Orientation Highlighting Plane,None,Orientation Highlighting Plane
1791819,63781144660574,Orientation Highlighting Plane,None,Orientation Highlighting Plane
1791827,63781144660585,Orientation Highlighting Plane,None,Orientation Highlighting Plane
1791835,63781144660596,Orientation Highlighting Plane,None,Orientation Highlighting Plane
1791852,63781144660607,Orientation Highlighting Plane,None,Orientation Highlighting Plane
1791860,63781144660618,Orientation Highlighting Plane,None,Orientation Highlighting Plane
1791869,63781144660630,Orientation Highlighting Plane,None,Orientation Highlighting Plane
1791885,63781144660641,Orientation Highlighting Plane,None,Orientation Highlighting Plane
1791894,63781144660652,Orientation Highlighting Plane,None,Orientation Highlighting Plane
1791902,63781144660663,Orientation Highlighting Plane,None,Orientation Highlighting Plane
1791919,63781144660674,Orientation Highlighting Plane,None,Orientation Highlighting Plane
1791927,63781144660685,Orientation Highlighting Plane,None,Orientation Highlighting Plane
1791935,63781144660697,Orientation Highlighting Plane,None,Orientation Highlighting Plane
1791952,63781144660708,Orientation Highlighting Plane,None,Orientation Highlighting Plane
1791960,63781144660719,Orientation Highlighting Plane,None,Orientation Highlighting Plane
1791969,63781144660731,Orientation Highlighting Plane,None,Orientation Highlighting Plane
1791985,63781144660742,Orientation Highlighting Plane,None,Orientation Highlighting Plane
1791994,63781144660754,Orientation Highlighting Plane,None,Orientation Highlighting Plane
1792002,63781144660764,Orientation Highlighting Plane,None,Orientation Highlighting Plane
1792019,63781144660776,Orientation Highlighting Plane,None,Orientation Highlighting Plane
1792027,63781144660787,Orientation Highlighting Plane,None,Orientation Highlighting Plane
1792044,63781144660798,Station Name,None,Orientation Highlighting Plane
1792052,63781144660809,None,None,Orientation Highlighting Plane
1792060,63781144660821,None,None,Orientation Highlighting Plane
1792077,63781144660833,Orientation Highlighting Plane,None,Orientation Highlighting Plane
1792085,63781144660844,Orientation Highlighting Plane,Orientation Highlighting Plane,Orientation Highlighting Plane
1792094,63781144660855,None,Orientation Highlighting Plane,Orientation Highlighting Plane
1792110,63781144660866,None,None,Orientation Highlighting Plane
1792119,63781144660878,None,None,Orientation Highlighting Plane
1792127,63781144660889,Station Name,None,Orientation Highlighting Plane
1792144,63781144660900,None,None,Orientation Highlighting Plane
1792152,63781144660911,None,None,Orientation Highlighting Plane
1792160,63781144660922,None,None,Orientation Highlighting Plane
1792177,63781144660933,None,None,Orientation Highlighting Plane
1792185,63781144660945,None,None,Orientation Highlighting Plane
1792193,63781144660955,None,None,Orientation Highlighting Plane
1792210,63781144660966,None,None,Orientation Highlighting Plane
1792218,63781144660977,None,None,Orientation Highlighting Plane
1792227,63781144660989,Orientation Highlighting Plane,Orientation Highlighting Plane,Orientation Highlighting Plane
1792243,63781144661000,Orientation Highlighting Plane,Orientation Highlighting Plane,Orientation Highlighting Plane
1792252,63781144661011,Orientation Highlighting Plane,Orientation Highlighting Plane,Orientation Highlighting Plane
1792260,63781144661022,Station Name,Orientation Highlighting Plane,Orientation Highlighting Plane
1792277,63781144661034,None,Orientation Highlighting Plane,Orientation Highlighting Plane
1792285,63781144661045,None,Orientation Highlighting Plane,Orientation Highlighting Plane
1792293,63781144661055,None,Orientation Highlighting Plane,Orientation Highlighting Plane
1792310,63781144661067,None,Orientation Highlighting Plane,Orientation Highlighting Plane
1792318,63781144661078,None,Orientation Highlighting Plane,Orientation Highlighting Plane
1792327,63781144661089,None,Orientation Highlighting Plane,Orientation Highlighting Plane
1792343,63781144661101,None,Orientation Highlighting Plane,Orientation Highlighting Plane
1792352,63781144661111,None,Orientation Highlighting Plane,Orientation Highlighting Plane
1792360,63781144661122,None,Orientation Highlighting Plane,Orientation Highlighting Plane
1792377,63781144661133,None,Orientation Highlighting Plane,Orientation Highlighting Plane
1792385,63781144661144,None,Orientation Highlighting Plane,Orientation Highlighting Plane
1792393,63781144661155,None,Orientation Highlighting Plane,Orientation Highlighting Plane
1792410,63781144661167,None,Orientation Highlighting Plane,Orientation Highlighting Plane
1792418,63781144661177,None,Orientation Highlighting Plane,Orientation Highlighting Plane
1792427,63781144661189,None,Orientation Highlighting Plane,Orientation Highlighting Plane
1792443,63781144661200,None,Orientation Highlighting Plane,Orientation Highlighting Plane
1792452,63781144661211,None,Orientation Highlighting Plane,Orientation Highlighting Plane
1792460,63781144661222,None,Orientation Highlighting Plane,Orientation Highlighting Plane
1792477,63781144661233,Orientation Highlighting Plane,Orientation Highlighting Plane,Orientation Highlighting Plane
1792485,63781144661244,Orientation Highlighting Plane,Orientation Highlighting Plane,Orientation Highlighting Plane
1792493,63781144661255,Orientation Highlighting Plane,Orientation Highlighting Plane,Orientation Highlighting Plane
1792510,63781144661266,Orientation Highlighting Plane,Orientation Highlighting Plane,Orientation Highlighting Plane
1792518,63781144661278,Station Name,Orientation Highlighting Plane,Orientation Highlighting Plane
1792527,63781144661288,None,Orientation Highlighting Plane,Orientation Highlighting Plane
1792543,63781144661300,Station Name,Orientation Highlighting Plane,Orientation Highlighting Plane
1792552,63781144661311,Orientation Highlighting Plane,Orientation Highlighting Plane,Orientation Highlighting Plane
1792560,63781144661322,Station Name,Orientation Highlighting Plane,Orientation Highlighting Plane
1792577,63781144661333,None,Orientation Highlighting Plane,Orientation Highlighting Plane
1792585,63781144661344,None,Orientation Highlighting Plane,Orientation Highlighting Plane
1792593,63781144661356,None,Orientation Highlighting Plane,Orientation Highlighting Plane
1792610,63781144661367,Station Name,Orientation Highlighting Plane,Orientation Highlighting Plane
1792618,63781144661379,Station Name,Orientation Highlighting Plane,Orientation Highlighting Plane
1792627,63781144661389,None,Orientation Highlighting Plane,Orientation Highlighting Plane
1792643,63781144661400,None,None,Orientation Highlighting Plane
1792652,63781144661412,None,None,Orientation Highlighting Plane
1792660,63781144661423,None,Orientation Highlighting Plane,None
1792677,63781144661434,None,None,None
1792685,63781144661446,None,None,None
1792693,63781144661456,None,None,None
1792710,63781144661468,None,None,None
1792718,63781144661478,None,None,None
1792727,63781144661489,None,None,None
1792743,63781144661501,None,None,None
1792752,63781144661511,None,None,None
1792760,63781144661523,None,None,None
1792777,63781144661534,None,None,None
1792785,63781144661545,None,None,None
1792793,63781144661556,None,None,None
1792810,63781144661568,None,None,None
1792818,63781144661579,None,None,None
1792827,63781144661589,None,None,None
1792843,63781144661601,None,None,None
1792852,63781144661612,None,None,None
1792860,63781144661623,None,None,None
1792877,63781144661634,None,Orientation Highlighting Plane,None
1792885,63781144661645,None,Orientation Highlighting Plane,None
1792893,63781144661656,None,Orientation Highlighting Plane,None
1792910,63781144661667,None,Orientation Highlighting Plane,None
1792918,63781144661678,None,Orientation Highlighting Plane,None
1792927,63781144661689,None,Orientation Highlighting Plane,None
1792943,63781144661701,None,Orientation Highlighting Plane,None
1792952,63781144661711,None,Orientation Highlighting Plane,None
1792960,63781144661722,None,Orientation Highlighting Plane,None
1792977,63781144661734,None,None,None
1792985,63781144661745,None,None,None
1792993,63781144661756,None,None,None
1793010,63781144661767,None,None,None
1793018,63781144661778,None,None,None
1793035,63781144661790,None,None,None
1793043,63781144661800,None,None,None
1793052,63781144661812,None,None,None
1793060,63781144661822,None,None,None
1793077,63781144661834,None,None,None
1793085,63781144661844,None,None,None
1793093,63781144661856,None,None,None
1793110,63781144661867,None,None,None
1793118,63781144661878,None,None,None
1793127,63781144661889,None,None,None
1793143,63781144661900,None,None,None
1793152,63781144661911,None,None,None
1793160,63781144661922,None,None,None
1793177,63781144661934,None,None,None
1793185,63781144661945,None,None,None
1793193,63781144661956,None,None,None
1793210,63781144661967,None,None,None
1793218,63781144661978,None,None,None
1793227,63781144661989,None,None,None
1793243,63781144662000,None,None,None
1793252,63781144662011,None,None,None
1793260,63781144662022,None,None,None
1793277,63781144662033,None,None,None
1793285,63781144662045,None,None,None
1793293,63781144662056,None,None,None
1793310,63781144662067,None,None,None
1793318,63781144662078,None,None,None
1793327,63781144662089,None,None,None
1793343,63781144662100,None,None,None
1793352,63781144662112,None,None,None
1793360,63781144662123,None,None,None
1793377,63781144662134,None,None,None
1793385,63781144662144,None,None,None
1793393,63781144662156,None,None,None
1793410,63781144662167,None,None,None
1793418,63781144662178,None,None,None
1793427,63781144662189,None,None,None
1793443,63781144662200,None,None,None
1793452,63781144662211,None,None,None
1793460,63781144662222,None,None,None
1793477,63781144662234,None,None,None
1793485,63781144662244,None,None,None
1793502,63781144662256,None,None,None
1793510,63781144662267,None,None,None
1793518,63781144662278,None,None,None
1793535,63781144662289,None,None,None
1793543,63781144662300,None,None,None
1793551,63781144662311,None,None,None
1793560,63781144662322,None,None,None
1793576,63781144662334,None,None,None
1793585,63781144662345,None,None,None
1793593,63781144662356,None,None,None
1793610,63781144662367,None,None,None
1793618,63781144662379,None,None,None
1793626,63781144662389,None,None,None
1793643,63781144662400,None,None,None
1793651,63781144662411,None,None,None
1793660,63781144662422,None,None,None
1793676,63781144662434,None,None,None
1793685,63781144662444,None,None,None
1793693,63781144662455,None,None,None
1793710,63781144662466,None,None,None
1793718,63781144662478,None,None,None
1793726,63781144662489,None,None,None
1793743,63781144662500,None,None,None
1793751,63781144662511,None,None,None
1793760,63781144662522,None,None,None
1793776,63781144662533,None,None,None
1793785,63781144662544,None,None,None
1793793,63781144662555,None,None,None
1793810,63781144662567,None,None,None
1793818,63781144662577,None,None,None
1793826,63781144662589,None,None,None
1793843,63781144662600,None,None,None
1793851,63781144662611,None,None,None
1793860,63781144662622,None,None,None
1793876,63781144662634,None,None,None
1793885,63781144662644,None,None,None
1793893,63781144662655,None,None,None
1793910,63781144662666,None,None,None
1793918,63781144662677,None,None,None
1793926,63781144662689,None,None,None
1793943,63781144662700,None,None,None
1793951,63781144662711,None,None,None
1793960,63781144662722,None,None,None
1793976,63781144662733,None,None,None
1793985,63781144662745,None,None,None
1793993,63781144662755,None,None,None
1794010,63781144662767,None,None,None
1794018,63781144662777,None,None,None
1794026,63781144662789,None,None,None
1794043,63781144662800,None,None,None
1794051,63781144662810,None,None,None
1794060,63781144662822,None,None,None
1794076,63781144662833,None,None,None
1794085,63781144662844,None,None,None
1794093,63781144662855,None,None,None
1794110,63781144662866,None,None,None
1794118,63781144662877,None,None,None
1794126,63781144662889,None,None,None
1794143,63781144662900,None,None,None
1794151,63781144662911,None,None,None
1794160,63781144662922,None,None,None
1794176,63781144662933,None,None,None
1794185,63781144662944,None,None,None
1794193,63781144662955,None,None,None
1794210,63781144662966,None,None,None
1794218,63781144662977,None,None,None
1794226,63781144662988,None,None,None
1794243,63781144662999,None,None,None
1794251,63781144663010,None,None,None
1794260,63781144663022,None,None,None
1794276,63781144663033,None,None,None
1794285,63781144663043,None,None,None
1794293,63781144663055,None,None,None
1794310,63781144663066,None,None,None
1794318,63781144663077,None,None,None
1794326,63781144663088,None,None,None
1794343,63781144663100,None,None,None
1794351,63781144663111,None,None,None
1794360,63781144663122,None,None,None
1794376,63781144663133,None,None,None
1794385,63781144663144,None,None,None
1794393,63781144663155,None,None,None
1794410,63781144663167,None,None,None
1794418,63781144663178,None,None,None
1794426,63781144663188,None,None,None
1794443,63781144663199,None,None,None
1794451,63781144663211,None,None,None
1794460,63781144663222,None,None,None
1794476,63781144663233,None,None,None
1794485,63781144663244,None,None,None
1794493,63781144663255,None,None,None
1794510,63781144663266,None,None,None
1794518,63781144663277,None,None,None
1794526,63781144663288,None,None,None
1794543,63781144663299,None,None,None
1794551,63781144663310,None,None,None
1794560,63781144663322,None,None,None
1794576,63781144663332,None,None,None
1794585,63781144663343,None,None,None
1794593,63781144663355,None,None,None
1794610,63781144663366,None,None,None
1794618,63781144663377,None,None,None
1794626,63781144663388,None,None,None
1794643,63781144663400,None,None,None
1794651,63781144663410,None,None,None
1794660,63781144663421,None,None,None
1794676,63781144663433,None,None,None
1794685,63781144663444,None,None,None
1794693,63781144663455,None,None,None
1794710,63781144663466,None,None,None
1794718,63781144663477,None,None,None
1794726,63781144663488,None,None,None
1794743,63781144663499,None,None,None
1794751,63781144663511,None,None,None
1794760,63781144663522,None,None,None
1794785,63781144663540,None,None,None
1794785,63781144663545,None,None,None
1794793,63781144663551,None,None,None
1794801,63781144663560,None,None,None
1794810,63781144663572,None,None,None
1794826,63781144663583,None,None,None
1794835,63781144663594,None,None,None
1794843,63781144663605,None,None,None
1794860,63781144663616,None,None,None
1794868,63781144663627,None,None,None
1794876,63781144663639,None,None,None
1794893,63781144663650,None,None,None
1794901,63781144663661,None,None,None
1794918,63781144663672,None,None,None
1794926,63781144663683,None,None,None
1794935,63781144663694,None,None,None
1794943,63781144663705,None,None,None
1794960,63781144663716,None,None,None
1794968,63781144663727,None,None,None
1794984,63781144663738,None,None,None
1794993,63781144663750,None,None,None
1795001,63781144663760,None,None,None
1795009,63781144663771,None,None,None
1795026,63781144663783,None,None,None
1795034,63781144663794,None,None,None
1795043,63781144663805,None,None,None
1795059,63781144663816,None,None,None
1795068,63781144663828,None,None,None
1795076,63781144663838,None,None,None
1795093,63781144663850,None,None,None
1795101,63781144663861,None,None,None
1795109,63781144663871,None,None,None
1795126,63781144663883,None,None,None
1795134,63781144663894,None,None,None
1795143,63781144663905,None,None,None
1795159,63781144663916,None,None,None
1795168,63781144663927,None,None,None
1795176,63781144663938,None,None,None
1795193,63781144663949,None,None,None
1795201,63781144663961,None,None,None
1795209,63781144663972,None,None,None
1795226,63781144663984,None,None,None
1795234,63781144663995,None,None,None
1795251,63781144664006,None,None,None
1795259,63781144664018,None,None,None
1795268,63781144664029,None,None,None
1795284,63781144664041,None,None,None
1795293,63781144664052,None,None,None
1795301,63781144664064,None,None,None
1795318,63781144664075,None,None,None
1795326,63781144664086,None,None,None
1795343,63781144664098,None,None,None
1795351,63781144664109,None,None,None
1795359,63781144664120,None,None,None
1795376,63781144664132,None,None,None
1795384,63781144664143,None,None,None
1795393,63781144664155,None,None,None
1795409,63781144664166,None,None,None
1795418,63781144664177,None,None,None
1795426,63781144664187,None,None,None
1795443,63781144664200,None,None,None
1795451,63781144664210,None,None,None
1795459,63781144664221,None,None,None
1795476,63781144664232,None,None,None
1795484,63781144664243,None,None,None
1795493,63781144664254,None,None,None
1795509,63781144664266,None,None,None
1795518,63781144664276,None,None,None
1795526,63781144664288,None,None,None
1795543,63781144664299,None,None,None
1795551,63781144664310,None,None,None
1795559,63781144664321,None,None,None
1795576,63781144664332,None,None,None
1795584,63781144664343,None,None,None
1795593,63781144664354,None,None,None
1795609,63781144664365,None,None,None
1795618,63781144664376,None,None,None
1795626,63781144664388,None,None,None
1795643,63781144664399,None,None,None
1795651,63781144664409,None,None,None
1795659,63781144664420,None,None,None
1795676,63781144664432,None,None,None
1795684,63781144664443,None,None,None
1795693,63781144664454,None,None,None
1795709,63781144664465,None,None,None
1795718,63781144664476,None,None,None
1795726,63781144664487,None,None,None
1795743,63781144664498,None,None,None
1795751,63781144664509,None,None,None
1795759,63781144664520,None,None,None
1795776,63781144664531,None,None,None
1795784,63781144664543,None,None,None
1795793,63781144664553,None,None,None
1795809,63781144664564,None,None,None
1795818,63781144664575,None,None,None
1795826,63781144664587,None,None,None
1795843,63781144664598,None,None,None
1795851,63781144664609,None,None,None
1795859,63781144664620,None,None,None
1795876,63781144664631,None,None,None
1795884,63781144664642,None,None,None
1795893,63781144664653,None,None,None
1795909,63781144664665,None,None,None
1795918,63781144664675,None,None,None
1795926,63781144664687,None,None,None
1795943,63781144664698,None,None,None
1795951,63781144664708,None,None,None
1795959,63781144664720,None,None,None
1795976,63781144664731,None,None,None
1795984,63781144664742,None,None,None
1795993,63781144664753,None,None,None
1796009,63781144664764,None,None,None
1796018,63781144664775,None,None,None
1796026,63781144664786,None,None,None
1796043,63781144664798,None,None,None
1796051,63781144664808,None,None,None
1796059,63781144664820,None,None,None
1796076,63781144664831,None,None,None
1796084,63781144664842,None,None,None
1796093,63781144664853,None,None,None
1796109,63781144664864,None,None,None
1796118,63781144664875,None,None,None
1796126,63781144664887,None,None,None
1796143,63781144664897,None,None,None
1796151,63781144664908,None,None,None
1796159,63781144664920,None,None,None
1796176,63781144664931,None,None,None
1796184,63781144664942,None,None,None
1796193,63781144664953,None,None,None
1796209,63781144664964,None,None,None
1796218,63781144664975,None,None,None
1796226,63781144664986,None,None,None
1796243,63781144664997,None,None,None
1796251,63781144665008,None,None,None
1796259,63781144665019,None,None,None
1796276,63781144665031,None,None,None
1796284,63781144665042,None,None,None
1796293,63781144665053,None,None,None
1796309,63781144665064,None,None,None
1796317,63781144665075,None,None,None
1796326,63781144665086,None,None,None
1796342,63781144665097,None,None,None
1796351,63781144665109,None,None,None
1796359,63781144665120,None,None,None
1796376,63781144665131,None,None,None
1796384,63781144665142,None,None,None
1796392,63781144665153,None,None,None
1796409,63781144665164,None,None,None
1796417,63781144665175,None,None,None
1796426,63781144665186,None,None,None
1796442,63781144665197,None,None,None
1796451,63781144665208,None,None,None
1796459,63781144665220,None,None,None
1796476,63781144665232,None,None,None
1796484,63781144665242,None,None,None
1796492,63781144665253,None,None,None
1796501,63781144665264,None,None,None
1796517,63781144665275,None,None,None
1796526,63781144665286,None,None,None
1796542,63781144665297,None,None,None
1796551,63781144665308,None,None,None
1796559,63781144665319,None,None,None
1796576,63781144665330,None,None,None
1796584,63781144665341,None,None,None
1796592,63781144665353,None,None,None
1796609,63781144665364,None,None,None
1796617,63781144665375,None,None,None
1796626,63781144665386,None,None,None
1796642,63781144665397,None,None,None
1796651,63781144665408,None,None,None
1796659,63781144665419,None,None,None
1796676,63781144665431,None,None,None
1796684,63781144665441,None,None,None
1796692,63781144665452,None,None,None
1796709,63781144665464,None,None,None
1796717,63781144665475,None,None,None
1796726,63781144665486,None,None,None
1796742,63781144665497,None,None,None
1796751,63781144665508,None,None,None
1796759,63781144665519,None,None,None
1796776,63781144665530,None,None,None
1796784,63781144665542,None,None,None
1796792,63781144665552,None,None,None
1796809,63781144665564,None,None,None
1796817,63781144665575,None,None,None
1796826,63781144665586,None,None,None
1796842,63781144665597,None,None,None
1796851,63781144665608,None,None,None
1796859,63781144665619,None,None,None
1796876,63781144665630,None,None,None
1796884,63781144665641,None,None,None
1796892,63781144665653,None,None,None
1796909,63781144665664,None,None,None
1796917,63781144665675,None,None,None
1796926,63781144665686,None,None,None
1796942,63781144665697,None,None,None
1796951,63781144665708,None,None,None
1796959,63781144665719,None,None,None
1796976,63781144665730,None,None,None
1796984,63781144665741,None,None,None
1796992,63781144665752,None,None,None
1797009,63781144665763,None,None,None
1797017,63781144665774,None,None,None
1797026,63781144665786,None,None,None
1797042,63781144665798,None,None,None
1797051,63781144665809,None,None,None
1797059,63781144665820,None,None,None
1797076,63781144665831,None,None,None
1797084,63781144665842,None,None,None
1797092,63781144665854,None,None,None
1797109,63781144665864,None,None,None
1797117,63781144665875,None,None,None
1797126,63781144665887,None,None,None
1797142,63781144665898,None,None,None
1797151,63781144665909,None,None,None
1797159,63781144665920,None,None,None
1797176,63781144665931,None,None,None
1797184,63781144665942,None,None,None
1797192,63781144665953,None,None,None
1797209,63781144665964,None,None,None
1797217,63781144665975,None,None,None
1797226,63781144665986,None,None,None
1797242,63781144665998,None,None,None
1797251,63781144666009,None,None,None
1797259,63781144666020,None,None,None
1797276,63781144666031,None,None,None
1797284,63781144666042,None,None,None
1797292,63781144666053,None,None,None
1797309,63781144666064,None,None,None
1797317,63781144666076,None,None,None
1797326,63781144666086,None,None,None
1797342,63781144666097,None,None,None
1797351,63781144666109,None,None,None
1797359,63781144666120,None,None,None
1797376,63781144666131,Notruf_nach-links,None,None
1797384,63781144666142,None,None,Notruf_nach-links
1797392,63781144666153,None,None,None
1797409,63781144666164,None,None,None
1797417,63781144666175,None,None,None
1797426,63781144666187,None,None,Notruf_nach-links
1797442,63781144666198,None,None,Notruf_nach-links
1797451,63781144666209,Notruf_nach-links,None,Notruf_nach-links
1797459,63781144666220,Notruf_nach-links,None,Notruf_nach-links
1797476,63781144666231,Notruf_nach-links,None,Notruf_nach-links
1797484,63781144666242,Notruf_nach-links,None,None
1797492,63781144666253,Notruf_nach-links,None,None
1797509,63781144666265,Notruf_nach-links,None,None
1797517,63781144666275,Notruf_nach-links,None,None
1797526,63781144666287,Notruf_nach-links,None,None
1797542,63781144666298,Notruf_nach-links,None,None
1797551,63781144666308,Notruf_nach-links,None,None
1797567,63781144666324,Notruf_nach-links,None,None
1797576,63781144666331,Notruf_nach-links,None,None
1797584,63781144666340,Notruf_nach-links,None,None
1797592,63781144666352,Notruf_nach-links,None,None
1797601,63781144666362,Notruf_nach-links,None,None
1797617,63781144666374,Notruf_nach-links,None,None
1797626,63781144666385,Notruf_nach-links,None,None
1797634,63781144666396,Notruf_nach-links,None,None
1797651,63781144666407,None,Wayfinding_S,Wayfinding_S
1797659,63781144666418,None,None,None
1797667,63781144666429,None,Mittelteil,None
1797684,63781144666440,None,None,None
1797692,63781144666451,None,None,None
1797701,63781144666462,None,None,None
1797717,63781144666473,None,None,None
1797726,63781144666485,None,None,None
1797734,63781144666495,None,None,None
1797751,63781144666507,None,None,None
1797759,63781144666518,None,None,None
1797767,63781144666529,None,None,None
1797784,63781144666540,None,None,None
1797792,63781144666551,None,None,None
1797801,63781144666562,None,None,None
1797817,63781144666574,None,None,None
1797826,63781144666584,None,None,None
1797834,63781144666595,None,None,None
1797851,63781144666607,None,None,None
1797859,63781144666618,None,None,None
1797867,63781144666629,None,None,None
1797884,63781144666640,None,None,None
1797892,63781144666651,None,None,None
1797901,63781144666662,None,None,None
1797917,63781144666673,None,None,None
1797926,63781144666685,None,None,None
1797934,63781144666696,None,None,None
1797951,63781144666707,None,None,None
1797959,63781144666718,None,None,None
1797967,63781144666730,None,None,Wayfinding_S
1797984,63781144666741,None,None,Wayfinding_S
1797992,63781144666752,None,None,Wayfinding_S
1798009,63781144666763,None,None,Wayfinding_S
1798017,63781144666775,None,None,None
1798026,63781144666786,None,None,Wayfinding_S
1798042,63781144666797,None,None,Wayfinding_S
1798051,63781144666808,None,None,Wayfinding_S
1798059,63781144666819,None,Wayfinding_S,Wayfinding_S
1798076,63781144666830,None,None,Wayfinding_S
1798084,63781144666842,None,None,Wayfinding_S
1798092,63781144666853,None,None,Wayfinding_S
1798109,63781144666864,None,None,Wayfinding_S
1798117,63781144666875,None,None,Wayfinding_S
1798126,63781144666886,None,Wayfinding_S,Wayfinding_S
1798142,63781144666897,None,Wayfinding_S,None
1798151,63781144666908,None,Wayfinding_S,None
1798159,63781144666919,None,Wayfinding_S,None
1798176,63781144666931,None,Wayfinding_S,None
1798184,63781144666941,None,Wayfinding_S,None
1798192,63781144666954,None,Wayfinding_S,None
1798209,63781144666964,None,Wayfinding_S,Wayfinding_S
1798217,63781144666975,None,Wayfinding_S,Wayfinding_S
1798226,63781144666986,None,Wayfinding_S,None
1798242,63781144666997,None,Wayfinding_S,None
1798251,63781144667008,None,Wayfinding_S,None
1798259,63781144667019,None,Wayfinding_S,None
1798276,63781144667031,None,Wayfinding_S,None
1798284,63781144667041,None,None,None
1798292,63781144667053,None,Wayfinding_S,None
1798309,63781144667064,None,None,Wayfinding_S
1798317,63781144667075,None,Wayfinding_S,None
1798326,63781144667086,None,Wayfinding_S,Wayfinding_S
1798342,63781144667097,Wayfinding_S,Wayfinding_S,Wayfinding_S
1798351,63781144667108,None,None,None
1798359,63781144667119,None,None,None
1798376,63781144667131,None,None,None
1798384,63781144667141,None,None,None
1798392,63781144667152,None,None,None
1798409,63781144667164,None,None,None
1798417,63781144667175,None,None,None
1798425,63781144667186,None,None,None
1798442,63781144667197,None,None,None
1798450,63781144667208,None,None,None
1798459,63781144667219,None,None,None
1798467,63781144667230,None,None,None
1798484,63781144667241,None,None,None
1798492,63781144667252,None,None,None
1798509,63781144667264,None,None,None
1798517,63781144667275,None,None,None
1798525,63781144667286,None,None,None
1798542,63781144667297,None,None,None
1798550,63781144667308,None,None,None
1798559,63781144667319,None,None,None
1798575,63781144667330,None,None,None
1798584,63781144667341,None,None,None
1798592,63781144667352,None,None,None
1798609,63781144667363,None,None,None
1798617,63781144667375,None,None,None
1798625,63781144667386,None,None,None
1798634,63781144667397,None,None,None
1798650,63781144667408,None,None,None
1798659,63781144667419,None,None,None
1798667,63781144667430,None,None,None
1798684,63781144667441,None,None,None
1798692,63781144667453,None,None,None
1798700,63781144667464,None,None,None
1798717,63781144667474,None,None,None
1798725,63781144667486,None,None,None
1798734,63781144667496,None,None,None
1798750,63781144667508,None,None,None
1798759,63781144667519,None,None,None
1798767,63781144667530,None,None,None
1798784,63781144667541,None,None,None
1798792,63781144667552,None,None,None
1798800,63781144667563,None,None,None
1798817,63781144667574,None,None,None
1798825,63781144667586,None,None,None
1798842,63781144667597,None,None,None
1798850,63781144667608,None,None,None
1798859,63781144667619,None,None,None
1798875,63781144667630,None,None,None
1798884,63781144667642,None,None,None
1798892,63781144667652,None,None,None
1798900,63781144667663,None,None,None
1798917,63781144667674,None,None,None
1798925,63781144667685,None,None,None
1798934,63781144667696,None,None,None
1798950,63781144667708,None,None,None
1798959,63781144667719,None,None,None
1798975,63781144667731,None,None,None
1798984,63781144667741,None,None,None
1798992,63781144667753,None,None,None
1799000,63781144667763,None,None,None
1799017,63781144667774,None,None,None
1799025,63781144667785,None,None,None
1799034,63781144667796,None,None,None
1799050,63781144667808,None,None,None
1799059,63781144667819,None,None,None
1799067,63781144667830,None,None,None
1799084,63781144667841,None,None,None
1799092,63781144667852,None,None,None
1799100,63781144667863,None,None,None
1799117,63781144667874,None,None,None
1799125,63781144667886,None,None,None
1799142,63781144667896,None,None,None
1799150,63781144667907,None,None,None
1799159,63781144667919,None,None,None
1799175,63781144667930,None,None,None
1799183,63781144667941,None,None,None
1799192,63781144667952,None,None,None
1799208,63781144667963,None,None,None
1799217,63781144667974,None,None,None
1799225,63781144667986,None,None,None
1799242,63781144667997,None,None,None
1799250,63781144668008,None,None,None
1799258,63781144668019,None,None,None
1799275,63781144668030,None,None,None
1799283,63781144668041,None,None,None
1799292,63781144668052,None,None,None
1799300,63781144668063,None,None,None
1799317,63781144668074,Orientation Highlighting Plane,Orientation Highlighting Plane,Orientation Highlighting Plane
1799325,63781144668085,Orientation Highlighting Plane,None,Orientation Highlighting Plane
1799342,63781144668097,None,None,Orientation Highlighting Plane
1799350,63781144668107,None,None,Station Name
1799358,63781144668119,None,Orientation Highlighting Plane,Orientation Highlighting Plane
1799375,63781144668130,None,Orientation Highlighting Plane,Orientation Highlighting Plane
1799383,63781144668141,None,Orientation Highlighting Plane,Orientation Highlighting Plane
1799392,63781144668152,None,Orientation Highlighting Plane,Station Name
1799408,63781144668163,None,Orientation Highlighting Plane,Orientation Highlighting Plane
1799417,63781144668174,None,Orientation Highlighting Plane,Orientation Highlighting Plane
1799425,63781144668186,None,Orientation Highlighting Plane,Orientation Highlighting Plane
1799442,63781144668197,None,Orientation Highlighting Plane,Orientation Highlighting Plane
1799450,63781144668208,Orientation Highlighting Plane,Orientation Highlighting Plane,Orientation Highlighting Plane
1799458,63781144668219,Orientation Highlighting Plane,Orientation Highlighting Plane,Orientation Highlighting Plane
1799475,63781144668230,Orientation Highlighting Plane,Orientation Highlighting Plane,Orientation Highlighting Plane
1799483,63781144668242,Orientation Highlighting Plane,Orientation Highlighting Plane,Orientation Highlighting Plane
1799492,63781144668252,None,Orientation Highlighting Plane,Orientation Highlighting Plane
1799508,63781144668264,Orientation Highlighting Plane,Orientation Highlighting Plane,Orientation Highlighting Plane
1799517,63781144668275,None,Station Name,Orientation Highlighting Plane
1799525,63781144668286,Orientation Highlighting Plane,Orientation Highlighting Plane,Orientation Highlighting Plane
1799542,63781144668297,None,Orientation Highlighting Plane,Orientation Highlighting Plane
1799550,63781144668308,Orientation Highlighting Plane,Orientation Highlighting Plane,Orientation Highlighting Plane
1799558,63781144668319,Orientation Highlighting Plane,None,Orientation Highlighting Plane
1799575,63781144668331,Orientation Highlighting Plane,Station Name,Orientation Highlighting Plane
1799583,63781144668341,Orientation Highlighting Plane,Orientation Highlighting Plane,Orientation Highlighting Plane
1799592,63781144668353,Orientation Highlighting Plane,Orientation Highlighting Plane,Orientation Highlighting Plane
1799608,63781144668364,None,Orientation Highlighting Plane,None
1799617,63781144668375,None,Orientation Highlighting Plane,Orientation Highlighting Plane
1799625,63781144668386,None,Orientation Highlighting Plane,Orientation Highlighting Plane
1799642,63781144668397,None,Orientation Highlighting Plane,Orientation Highlighting Plane
1799650,63781144668408,None,Orientation Highlighting Plane,Orientation Highlighting Plane
1799658,63781144668420,None,Orientation Highlighting Plane,Orientation Highlighting Plane
1799675,63781144668431,None,Orientation Highlighting Plane,Orientation Highlighting Plane
1799683,63781144668442,None,Orientation Highlighting Plane,Orientation Highlighting Plane
1799692,63781144668453,None,Orientation Highlighting Plane,Orientation Highlighting Plane
1799708,63781144668464,None,Orientation Highlighting Plane,Orientation Highlighting Plane
1799717,63781144668475,None,None,Orientation Highlighting Plane
1799725,63781144668486,None,None,Orientation Highlighting Plane
1799742,63781144668497,None,None,Orientation Highlighting Plane
1799750,63781144668509,None,None,Orientation Highlighting Plane
1799758,63781144668519,None,None,Orientation Highlighting Plane
1799775,63781144668531,None,None,Orientation Highlighting Plane
1799783,63781144668541,None,None,Orientation Highlighting Plane
1799792,63781144668553,None,None,Orientation Highlighting Plane
1799808,63781144668564,None,Orientation Highlighting Plane,Orientation Highlighting Plane
1799817,63781144668575,None,None,Orientation Highlighting Plane
1799825,63781144668586,None,Station Name,Orientation Highlighting Plane
1799842,63781144668597,Orientation Highlighting Plane,Orientation Highlighting Plane,Orientation Highlighting Plane
1799850,63781144668608,Orientation Highlighting Plane,Orientation Highlighting Plane,Orientation Highlighting Plane
1799858,63781144668619,Orientation Highlighting Plane,Orientation Highlighting Plane,Orientation Highlighting Plane
1799875,63781144668631,Orientation Highlighting Plane,Orientation Highlighting Plane,Orientation Highlighting Plane
1799883,63781144668642,Orientation Highlighting Plane,None,Orientation Highlighting Plane
1799892,63781144668653,Orientation Highlighting Plane,Station Name,Orientation Highlighting Plane
1799908,63781144668664,Orientation Highlighting Plane,Orientation Highlighting Plane,Orientation Highlighting Plane
1799917,63781144668675,Orientation Highlighting Plane,None,Orientation Highlighting Plane
1799925,63781144668686,Orientation Highlighting Plane,Orientation Highlighting Plane,Orientation Highlighting Plane
1799942,63781144668697,Orientation Highlighting Plane,Station Name,Orientation Highlighting Plane
1799950,63781144668708,Orientation Highlighting Plane,Orientation Highlighting Plane,Orientation Highlighting Plane
1799975,63781144668731,Orientation Highlighting Plane,Station Name,Orientation Highlighting Plane
1799975,63781144668737,Orientation Highlighting Plane,Orientation Highlighting Plane,Orientation Highlighting Plane
1799983,63781144668742,Orientation Highlighting Plane,Orientation Highlighting Plane,Orientation Highlighting Plane
1799992,63781144668747,Orientation Highlighting Plane,Orientation Highlighting Plane,Orientation Highlighting Plane
1800000,63781144668759,Orientation Highlighting Plane,Orientation Highlighting Plane,Orientation Highlighting Plane
1800008,63781144668770,Orientation Highlighting Plane,None,Orientation Highlighting Plane
1800025,63781144668781,Orientation Highlighting Plane,None,Orientation Highlighting Plane
1800033,63781144668792,Orientation Highlighting Plane,Orientation Highlighting Plane,Orientation Highlighting Plane
1800042,63781144668803,Orientation Highlighting Plane,Orientation Highlighting Plane,Orientation Highlighting Plane
1800058,63781144668814,Orientation Highlighting Plane,Orientation Highlighting Plane,Orientation Highlighting Plane
1800067,63781144668825,Orientation Highlighting Plane,Orientation Highlighting Plane,Orientation Highlighting Plane
1800075,63781144668837,Orientation Highlighting Plane,Orientation Highlighting Plane,Orientation Highlighting Plane
1800092,63781144668848,Orientation Highlighting Plane,Orientation Highlighting Plane,Orientation Highlighting Plane
1800100,63781144668858,Orientation Highlighting Plane,Orientation Highlighting Plane,Orientation Highlighting Plane
1800108,63781144668869,Orientation Highlighting Plane,Orientation Highlighting Plane,Orientation Highlighting Plane
1800125,63781144668881,Orientation Highlighting Plane,Orientation Highlighting Plane,Orientation Highlighting Plane
1800133,63781144668892,Orientation Highlighting Plane,Orientation Highlighting Plane,Orientation Highlighting Plane
1800142,63781144668903,Orientation Highlighting Plane,Orientation Highlighting Plane,Orientation Highlighting Plane
1800158,63781144668914,Orientation Highlighting Plane,Orientation Highlighting Plane,Orientation Highlighting Plane
1800167,63781144668925,Orientation Highlighting Plane,Orientation Highlighting Plane,Orientation Highlighting Plane
1800175,63781144668936,Orientation Highlighting Plane,Orientation Highlighting Plane,Orientation Highlighting Plane
1800192,63781144668947,Orientation Highlighting Plane,Orientation Highlighting Plane,Orientation Highlighting Plane
1800200,63781144668958,None,Orientation Highlighting Plane,Orientation Highlighting Plane
1800208,63781144668970,Station Name,Orientation Highlighting Plane,Orientation Highlighting Plane
1800225,63781144668981,Orientation Highlighting Plane,Orientation Highlighting Plane,Orientation Highlighting Plane
1800233,63781144668992,Orientation Highlighting Plane,Orientation Highlighting Plane,Orientation Highlighting Plane
1800242,63781144669003,Orientation Highlighting Plane,Orientation Highlighting Plane,Orientation Highlighting Plane
1800258,63781144669015,Orientation Highlighting Plane,Orientation Highlighting Plane,Orientation Highlighting Plane
1800267,63781144669025,None,Orientation Highlighting Plane,Orientation Highlighting Plane
1800275,63781144669036,Orientation Highlighting Plane,Orientation Highlighting Plane,Orientation Highlighting Plane
1800292,63781144669047,Orientation Highlighting Plane,Orientation Highlighting Plane,Orientation Highlighting Plane
1800300,63781144669058,Orientation Highlighting Plane,Orientation Highlighting Plane,Orientation Highlighting Plane
1800308,63781144669069,None,Orientation Highlighting Plane,Orientation Highlighting Plane
1800325,63781144669081,Station Name,Orientation Highlighting Plane,Orientation Highlighting Plane
1800333,63781144669092,Station Name,Station Name,Orientation Highlighting Plane
1800342,63781144669104,Station Name,Orientation Highlighting Plane,Orientation Highlighting Plane
1800358,63781144669114,Station Name,Station Name,Orientation Highlighting Plane
1800367,63781144669125,Orientation Highlighting Plane,Orientation Highlighting Plane,Orientation Highlighting Plane
1800375,63781144669136,Station Name,Station Name,Orientation Highlighting Plane
1800392,63781144669147,Station Name,Orientation Highlighting Plane,Orientation Highlighting Plane
1800400,63781144669158,Station Name,Orientation Highlighting Plane,Orientation Highlighting Plane
1800408,63781144669170,Orientation Highlighting Plane,Station Name,Orientation Highlighting Plane
1800425,63781144669181,Orientation Highlighting Plane,Station Name,Orientation Highlighting Plane
1800433,63781144669192,Orientation Highlighting Plane,Station Name,Orientation Highlighting Plane
1800442,63781144669203,Orientation Highlighting Plane,Station Name,Orientation Highlighting Plane
1800458,63781144669214,Orientation Highlighting Plane,None,Orientation Highlighting Plane
1800467,63781144669226,Orientation Highlighting Plane,None,Orientation Highlighting Plane
1800475,63781144669237,Orientation Highlighting Plane,None,Orientation Highlighting Plane
1800492,63781144669248,Orientation Highlighting Plane,None,Orientation Highlighting Plane
1800500,63781144669260,Orientation Highlighting Plane,None,Orientation Highlighting Plane
1800517,63781144669271,Orientation Highlighting Plane,None,Orientation Highlighting Plane
1800525,63781144669284,Orientation Highlighting Plane,None,Orientation Highlighting Plane
1800533,63781144669294,Orientation Highlighting Plane,None,Orientation Highlighting Plane
1800550,63781144669306,Orientation Highlighting Plane,None,Orientation Highlighting Plane
1800558,63781144669317,Orientation Highlighting Plane,None,Orientation Highlighting Plane
1800567,63781144669329,Orientation Highlighting Plane,None,Orientation Highlighting Plane
1800583,63781144669340,Orientation Highlighting Plane,Orientation Highlighting Plane,Orientation Highlighting Plane
1800592,63781144669352,Orientation Highlighting Plane,Orientation Highlighting Plane,Orientation Highlighting Plane
1800608,63781144669364,Orientation Highlighting Plane,Orientation Highlighting Plane,Orientation Highlighting Plane
1800617,63781144669375,Orientation Highlighting Plane,Orientation Highlighting Plane,Orientation Highlighting Plane
1800625,63781144669386,Orientation Highlighting Plane,Orientation Highlighting Plane,Orientation Highlighting Plane
1800642,63781144669397,None,Orientation Highlighting Plane,None
1800650,63781144669408,None,Orientation Highlighting Plane,None
1800658,63781144669419,None,None,None
1800675,63781144669430,None,None,None
1800683,63781144669442,None,None,None
1800692,63781144669452,None,None,None
1800708,63781144669464,None,None,None
1800717,63781144669475,None,None,None
1800725,63781144669485,None,None,None
1800742,63781144669496,Orientation Highlighting Plane,None,Orientation Highlighting Plane
1800750,63781144669508,Orientation Highlighting Plane,None,Orientation Highlighting Plane
1800758,63781144669519,None,None,None
1800775,63781144669530,Orientation Highlighting Plane,None,Orientation Highlighting Plane
1800783,63781144669541,Orientation Highlighting Plane,None,Orientation Highlighting Plane
1800792,63781144669553,Orientation Highlighting Plane,None,Orientation Highlighting Plane
1800808,63781144669564,Station Name,None,Orientation Highlighting Plane
1800817,63781144669574,Station Name,None,Station Name
1800825,63781144669585,None,Orientation Highlighting Plane,None
1800842,63781144669597,None,None,None
1800850,63781144669608,None,None,None
1800858,63781144669619,None,None,None
1800875,63781144669630,None,None,None
1800883,63781144669641,None,None,None
1800892,63781144669652,None,None,None
1800908,63781144669664,None,None,None
1800917,63781144669674,None,None,None
1800925,63781144669685,None,None,None
1800942,63781144669697,None,None,None
1800950,63781144669708,None,None,None
1800958,63781144669719,None,None,None
1800975,63781144669730,None,None,None
1800983,63781144669741,None,None,None
1800992,63781144669752,None,None,None
1801008,63781144669763,None,None,None
1801017,63781144669774,None,None,None
1801025,63781144669785,None,None,None
1801042,63781144669797,None,None,None
1801050,63781144669808,None,None,None
1801058,63781144669819,None,None,None
1801075,63781144669830,None,None,None
1801083,63781144669841,None,None,None
1801092,63781144669852,None,None,None
1801108,63781144669863,None,None,None
1801117,63781144669874,None,None,None
1801125,63781144669885,None,None,None
1801142,63781144669897,None,None,Wayfinding_S
1801150,63781144669908,None,None,Wayfinding_S
1801158,63781144669919,None,None,Wayfinding_S
1801175,63781144669930,None,None,Wayfinding_S
1801183,63781144669941,None,None,Wayfinding_S
1801192,63781144669952,None,None,Wayfinding_S
1801208,63781144669963,None,None,Wayfinding_S
1801217,63781144669974,None,None,Wayfinding_S
1801225,63781144669985,None,None,Wayfinding_S
1801242,63781144669997,None,None,Wayfinding_S
1801250,63781144670008,None,None,None
1801258,63781144670018,None,None,None
1801275,63781144670030,None,None,None
1801283,63781144670041,None,None,None
1801292,63781144670052,None,None,None
1801308,63781144670064,None,None,None
1801317,63781144670074,None,None,Wayfinding_S
1801325,63781144670085,None,None,None
1801342,63781144670096,None,None,None
1801350,63781144670107,None,None,None
1801358,63781144670118,None,None,None
1801375,63781144670130,None,None,None
1801383,63781144670141,None,None,None
1801391,63781144670152,None,None,None
1801408,63781144670163,None,None,None
1801416,63781144670174,None,None,None
1801425,63781144670185,None,None,None
1801441,63781144670197,None,None,None
1801450,63781144670208,None,None,None
1801458,63781144670220,None,None,None
1801475,63781144670231,None,None,None
1801483,63781144670242,None,None,None
1801491,63781144670252,None,None,None
1801508,63781144670264,None,None,None
1801516,63781144670275,None,None,None
1801525,63781144670286,None,None,None
1801541,63781144670298,None,None,None
1801550,63781144670308,None,None,None
1801558,63781144670319,None,None,None
1801575,63781144670330,None,None,None
1801583,63781144670341,None,None,None
1801591,63781144670353,None,None,None
1801608,63781144670364,Orientation Highlighting Plane,None,None
1801616,63781144670375,None,None,None
1801625,63781144670386,None,None,None
1801641,63781144670398,Notruf_nach-links,None,None
1801650,63781144670408,None,None,None
1801658,63781144670419,None,None,None
1801675,63781144670431,None,None,None
1801683,63781144670441,None,None,None
1801691,63781144670453,None,None,None
1801708,63781144670464,None,None,None
1801716,63781144670475,None,None,None
1801725,63781144670486,None,None,None
1801741,63781144670498,Orientation Highlighting Plane,None,Orientation Highlighting Plane
1801750,63781144670508,Orientation Highlighting Plane,None,Orientation Highlighting Plane
1801758,63781144670519,Orientation Highlighting Plane,None,Orientation Highlighting Plane
1801775,63781144670531,Orientation Highlighting Plane,None,Orientation Highlighting Plane
1801783,63781144670542,Orientation Highlighting Plane,None,Orientation Highlighting Plane
1801791,63781144670553,Orientation Highlighting Plane,None,Station Name
1801808,63781144670564,Orientation Highlighting Plane,None,None
1801816,63781144670575,Orientation Highlighting Plane,None,None
1801825,63781144670586,Orientation Highlighting Plane,None,None
1801841,63781144670597,Orientation Highlighting Plane,None,None
1801850,63781144670608,Orientation Highlighting Plane,None,None
1801858,63781144670619,Orientation Highlighting Plane,None,None
1801875,63781144670631,Orientation Highlighting Plane,None,None
1801883,63781144670642,Orientation Highlighting Plane,None,None
1801891,63781144670653,Orientation Highlighting Plane,None,None
1801908,63781144670664,Orientation Highlighting Plane,None,None
1801916,63781144670675,Orientation Highlighting Plane,None,None
1801925,63781144670686,Orientation Highlighting Plane,None,Orientation Highlighting Plane
1801941,63781144670697,None,None,None
1801950,63781144670708,None,None,None
1801958,63781144670719,None,None,None
1801975,63781144670730,None,None,None
1801983,63781144670742,None,None,None
1801991,63781144670752,None,None,None
1802008,63781144670763,None,None,None
1802016,63781144670774,None,None,None
1802025,63781144670785,None,None,Wayfinding_S
1802041,63781144670797,None,None,None
1802050,63781144670807,None,None,None
1802058,63781144670819,None,None,None
1802075,63781144670830,None,None,None
1802083,63781144670841,None,None,None
1802091,63781144670852,None,None,None
1802108,63781144670863,None,None,None
1802116,63781144670874,None,None,None
1802125,63781144670885,None,None,None
1802141,63781144670897,None,None,None
1802150,63781144670907,None,None,None
1802158,63781144670919,None,None,None
1802175,63781144670930,None,None,None
1802183,63781144670941,None,None,None
1802191,63781144670952,None,None,None
1802208,63781144670963,None,None,None
1802216,63781144670974,None,None,None
1802225,63781144670985,None,None,None
1802241,63781144670996,None,None,None
1802250,63781144671007,None,None,None
1802258,63781144671018,None,None,None
1802275,63781144671029,None,None,None
1802283,63781144671041,None,None,None
1802291,63781144671052,None,None,None
1802308,63781144671063,None,None,None
1802316,63781144671074,None,None,None
1802325,63781144671085,None,None,None
1802341,63781144671096,None,None,None
1802350,63781144671107,None,None,None
1802358,63781144671119,None,None,None
1802375,63781144671130,None,None,None
1802383,63781144671141,None,None,None
1802391,63781144671152,None,None,None
1802408,63781144671162,None,None,None
1802416,63781144671174,None,None,None
1802425,63781144671185,None,None,None
1802441,63781144671196,None,None,None
1802450,63781144671207,None,None,None
1802458,63781144671219,None,None,None
1802475,63781144671230,None,None,None
1802483,63781144671241,None,None,None
1802491,63781144671252,None,None,None
1802508,63781144671263,None,None,None
1802516,63781144671274,None,None,None
1802525,63781144671285,None,None,None
1802541,63781144671296,None,None,None
1802550,63781144671307,None,None,None
1802558,63781144671319,None,None,None
1802575,63781144671330,None,Orientation Highlighting Plane,None
1802583,63781144671341,None,None,None
1802591,63781144671351,None,None,None
1802608,63781144671362,Occluder (1),None,None
1802616,63781144671374,None,None,None
1802625,63781144671385,None,None,None
1802641,63781144671396,None,None,None
1802650,63781144671407,None,None,None
1802658,63781144671418,None,None,None
1802675,63781144671430,None,Orientation Highlighting Plane,None
1802683,63781144671440,None,Orientation Highlighting Plane,None
1802691,63781144671452,None,Orientation Highlighting Plane,None
1802708,63781144671463,None,Orientation Highlighting Plane,None
1802716,63781144671474,None,Orientation Highlighting Plane,None
1802725,63781144671485,None,Orientation Highlighting Plane,None
1802741,63781144671496,None,Orientation Highlighting Plane,None
1802750,63781144671507,None,Orientation Highlighting Plane,None
1802758,63781144671518,None,Orientation Highlighting Plane,None
1802775,63781144671529,Occluder (1),None,Occluder (1)
1802783,63781144671540,None,None,None
1802791,63781144671551,4_GroßeTreppe_RailingCover,None,Occluder (1)
1802808,63781144671562,None,Occluder (1),Occluder (1)
1802816,63781144671574,4_GroßeTreppe_RailingCover,Occluder (1),4_GroßeTreppe_RailingCover
1802825,63781144671585,4_GroßeTreppe_RailingCover,Occluder (1),None
1802841,63781144671596,None,Occluder (1),4_GroßeTreppe_RailingCover
1802850,63781144671607,None,Occluder (1),None
1802858,63781144671618,None,Occluder (1),None
1802875,63781144671629,None,Occluder (1),None
1802883,63781144671641,None,Occluder (1),None
1802891,63781144671652,None,Occluder (1),Occluder (1)
1802908,63781144671663,4_GroßeTreppe_RailingCover,Occluder (1),Occluder (1)
1802916,63781144671674,4_GroßeTreppe_RailingCover,None,None
1802924,63781144671685,None,None,Occluder (1)
1802941,63781144671696,None,None,Orientation Highlighting Plane
1802949,63781144671707,None,None,None
1802958,63781144671718,None,None,None
1802974,63781144671729,None,None,None
1802983,63781144671741,None,None,None
1802991,63781144671752,None,None,None
1803008,63781144671762,None,None,None
1803016,63781144671774,None,None,None
1803024,63781144671785,None,None,None
1803041,63781144671796,None,None,None
1803050,63781144671807,None,None,None
1803058,63781144671818,None,None,None
1803075,63781144671829,None,None,None
1803083,63781144671840,None,None,None
1803091,63781144671852,None,None,None
1803108,63781144671863,None,None,None
1803116,63781144671874,None,None,None
1803124,63781144671885,None,None,None
1803141,63781144671896,None,None,None
1803149,63781144671907,None,None,None
1803158,63781144671918,None,None,None
1803174,63781144671930,None,None,None
1803183,63781144671940,None,None,None
1803191,63781144671951,None,None,None
1803208,63781144671963,None,None,None
1803216,63781144671973,None,None,None
1803224,63781144671984,None,None,None
1803241,63781144671995,None,None,None
1803249,63781144672007,None,None,None
1803258,63781144672018,None,None,None
1803274,63781144672030,None,None,None
1803283,63781144672041,None,None,None
1803291,63781144672052,None,None,None
1803308,63781144672063,None,None,None
1803316,63781144672073,None,None,None
1803324,63781144672085,None,None,None
1803341,63781144672096,None,None,None
1803349,63781144672107,None,None,None
1803358,63781144672118,None,None,None
1803374,63781144672129,None,None,None
1803383,63781144672140,None,None,None
1803391,63781144672151,None,None,None
1803408,63781144672163,None,None,None
1803416,63781144672173,None,None,None
1803424,63781144672185,None,None,None
1803441,63781144672196,None,None,None
1803449,63781144672207,None,None,None
1803458,63781144672218,None,None,None
1803474,63781144672230,None,None,None
1803483,63781144672241,None,None,None
1803491,63781144672251,None,None,None
1803508,63781144672262,None,None,None
1803516,63781144672274,None,None,None
1803524,63781144672284,None,None,None
1803541,63781144672296,None,None,None
1803549,63781144672307,None,None,None
1803558,63781144672318,None,None,None
1803574,63781144672329,None,None,None
1803583,63781144672341,None,None,None
1803591,63781144672351,None,None,None
1803608,63781144672362,None,None,None
1803616,63781144672373,None,None,None
1803624,63781144672384,None,None,None
1803641,63781144672396,None,None,None
1803649,63781144672407,None,None,None
1803658,63781144672418,None,None,None
1803666,63781144672429,None,None,None
1803683,63781144672440,Orientation Highlighting Plane,None,None
1803691,63781144672451,None,None,None
1803708,63781144672463,None,None,None
1803716,63781144672473,None,None,None
1803724,63781144672484,None,None,None
1803733,63781144672495,None,None,None
1803749,63781144672506,None,None,None
1803758,63781144672518,None,None,None
1803774,63781144672529,None,None,None
1803783,63781144672540,None,None,None
1803791,63781144672552,None,None,None
1803799,63781144672562,None,None,None
1803816,63781144672578,None,None,None
1803824,63781144672584,None,None,None
1803833,63781144672591,None,None,None
1803841,63781144672602,None,None,None
1803858,63781144672613,None,None,None
1803866,63781144672625,None,None,None
1803874,63781144672636,None,None,None
1803891,63781144672647,None,None,None
1803899,63781144672658,None,None,None
1803908,63781144672669,None,None,None
1803924,63781144672680,None,None,None
1803933,63781144672691,None,None,None
1803941,63781144672703,None,None,None
1803958,63781144672713,None,None,None
1803966,63781144672725,None,None,None
1803974,63781144672736,None,None,None
1803991,63781144672747,None,None,None
1803999,63781144672758,None,None,None
1804008,63781144672769,None,None,Notruf_nach-links
1804024,63781144672780,None,None,None
1804033,63781144672791,Orientation Highlighting Plane,None,None
1804041,63781144672802,Orientation Highlighting Plane,None,None
1804058,63781144672814,None,None,None
1804066,63781144672824,None,None,None
1804074,63781144672836,None,None,None
1804091,63781144672847,None,None,None
1804099,63781144672858,None,None,None
1804107,63781144672869,None,None,None
1804124,63781144672880,None,None,None
1804132,63781144672891,None,None,None
1804141,63781144672902,None,None,None
1804157,63781144672913,None,None,None
1804166,63781144672925,None,None,None
1804174,63781144672936,None,None,None
1804191,63781144672947,None,None,None
1804199,63781144672958,None,None,None
1804207,63781144672970,None,None,None
1804224,63781144672981,None,None,None
1804232,63781144672992,None,None,None
1804249,63781144673003,None,None,None
1804257,63781144673015,None,None,None
1804266,63781144673026,None,None,None
1804282,63781144673037,None,None,None
1804291,63781144673049,None,None,None
1804299,63781144673060,None,None,None
1804316,63781144673071,None,None,None
1804324,63781144673082,None,None,None
1804332,63781144673094,None,None,None
1804349,63781144673105,Orientation Highlighting Plane,None,None
1804357,63781144673116,None,None,None
1804374,63781144673129,None,None,None
1804382,63781144673139,Notruf_nach-links,None,None
1804391,63781144673152,None,None,None
1804399,63781144673162,None,None,None
1804416,63781144673173,None,None,None
1804424,63781144673183,None,None,None
1804432,63781144673195,None,None,None
1804449,63781144673206,None,None,None
1804457,63781144673217,None,None,None
1804474,63781144673229,None,None,None
1804482,63781144673240,None,None,None
1804491,63781144673250,None,None,None
1804507,63781144673262,None,None,None
1804516,63781144673272,None,None,None
1804524,63781144673284,None,None,None
1804532,63781144673295,Orientation Highlighting Plane,None,None
1804549,63781144673306,Orientation Highlighting Plane,None,None
1804557,63781144673317,Orientation Highlighting Plane,None,None
1804574,63781144673329,Orientation Highlighting Plane,None,None
1804582,63781144673340,Orientation Highlighting Plane,None,None
1804591,63781144673350,None,None,None
1804599,63781144673361,None,None,None
1804616,63781144673373,None,None,None
1804624,63781144673383,None,None,None
1804641,63781144673395,Orientation Highlighting Plane,None,Orientation Highlighting Plane
1804649,63781144673407,Orientation Highlighting Plane,None,Orientation Highlighting Plane
1804657,63781144673418,Orientation Highlighting Plane,None,Orientation Highlighting Plane
1804674,63781144673430,Orientation Highlighting Plane,None,Orientation Highlighting Plane
1804682,63781144673441,Orientation Highlighting Plane,None,Orientation Highlighting Plane
1804691,63781144673452,Orientation Highlighting Plane,None,Orientation Highlighting Plane
1804707,63781144673463,Orientation Highlighting Plane,None,Orientation Highlighting Plane
1804716,63781144673474,Orientation Highlighting Plane,None,Orientation Highlighting Plane
1804724,63781144673485,Orientation Highlighting Plane,None,Orientation Highlighting Plane
1804741,63781144673497,Orientation Highlighting Plane,None,Orientation Highlighting Plane
1804749,63781144673507,Orientation Highlighting Plane,None,Station Name
1804757,63781144673518,Orientation Highlighting Plane,None,Station Name
1804766,63781144673529,Orientation Highlighting Plane,None,None
1804782,63781144673541,Orientation Highlighting Plane,None,None
1804791,63781144673552,Orientation Highlighting Plane,None,Station Name
1804799,63781144673562,Orientation Highlighting Plane,None,Orientation Highlighting Plane
1804816,63781144673573,Orientation Highlighting Plane,None,Orientation Highlighting Plane
1804824,63781144673585,Orientation Highlighting Plane,None,Orientation Highlighting Plane
1804832,63781144673596,Orientation Highlighting Plane,None,Orientation Highlighting Plane
1804849,63781144673607,Orientation Highlighting Plane,None,Orientation Highlighting Plane
1804857,63781144673618,Orientation Highlighting Plane,None,Orientation Highlighting Plane
1804866,63781144673629,None,None,None
1804882,63781144673641,Orientation Highlighting Plane,None,Orientation Highlighting Plane
1804891,63781144673651,Orientation Highlighting Plane,None,Orientation Highlighting Plane
1804907,63781144673663,None,None,None
1804916,63781144673674,Orientation Highlighting Plane,None,Orientation Highlighting Plane
1804924,63781144673684,Orientation Highlighting Plane,None,Orientation Highlighting Plane
1804941,63781144673696,Orientation Highlighting Plane,None,Orientation Highlighting Plane
1804949,63781144673708,Orientation Highlighting Plane,None,Orientation Highlighting Plane
1804957,63781144673718,Orientation Highlighting Plane,None,Orientation Highlighting Plane
1804974,63781144673730,Orientation Highlighting Plane,None,Orientation Highlighting Plane
1804982,63781144673740,Orientation Highlighting Plane,None,Orientation Highlighting Plane
1804991,63781144673751,Orientation Highlighting Plane,None,Orientation Highlighting Plane
1804999,63781144673762,Orientation Highlighting Plane,None,Orientation Highlighting Plane
1805016,63781144673773,Orientation Highlighting Plane,None,Orientation Highlighting Plane
1805024,63781144673785,Orientation Highlighting Plane,None,Orientation Highlighting Plane
1805041,63781144673796,Orientation Highlighting Plane,None,Orientation Highlighting Plane
1805049,63781144673806,Orientation Highlighting Plane,None,Orientation Highlighting Plane
1805057,63781144673818,Orientation Highlighting Plane,None,Orientation Highlighting Plane
1805074,63781144673829,None,None,None
1805082,63781144673841,None,None,None
1805091,63781144673851,99_Bahnsteig_PF,None,99_Bahnsteig_PF
1805107,63781144673862,None,None,None
1805116,63781144673874,None,None,None
1805124,63781144673885,None,None,None
1805141,63781144673896,None,None,None
1805149,63781144673907,None,None,None
1805157,63781144673918,None,None,None
1805174,63781144673930,None,None,None
1805182,63781144673940,None,None,None
1805191,63781144673952,None,None,None
1805207,63781144673962,None,None,None
1805216,63781144673973,None,None,None
1805224,63781144673985,None,None,None
1805232,63781144673996,None,None,None
1805249,63781144674007,Notruf_nach-links,None,None
1805257,63781144674018,None,None,None
1805274,63781144674029,None,None,None
1805282,63781144674040,None,None,None
1805291,63781144674051,None,None,None
1805307,63781144674062,None,None,None
1805316,63781144674073,None,None,None
1805324,63781144674085,None,None,None
1805340,63781144674096,None,None,None
1805349,63781144674107,None,None,None
1805357,63781144674118,None,None,None
1805374,63781144674129,None,None,None
1805382,63781144674140,None,None,None
1805390,63781144674151,None,None,None
1805407,63781144674162,None,None,None
1805415,63781144674173,None,None,None
1805424,63781144674185,None,None,None
1805432,63781144674195,None,None,None
1805449,63781144674207,None,None,None
1805457,63781144674218,None,None,None
1805474,63781144674229,None,None,None
1805482,63781144674241,None,None,None
1805490,63781144674251,None,None,None
1805507,63781144674262,None,None,None
1805515,63781144674273,None,None,None
1805524,63781144674284,None,None,None
1805532,63781144674295,None,None,None
1805549,63781144674307,None,None,None
1805557,63781144674317,None,None,Notruf_nach-links
1805574,63781144674330,None,None,Notruf_nach-links
1805582,63781144674339,None,None,None
1805590,63781144674351,None,None,None
1805607,63781144674362,None,None,None
1805615,63781144674373,None,None,None
1805624,63781144674384,None,None,None
1805640,63781144674395,None,None,None
1805649,63781144674406,None,None,None
1805657,63781144674418,None,None,None
1805674,63781144674429,None,None,None
1805682,63781144674440,None,None,None
1805690,63781144674451,None,None,None
1805699,63781144674462,None,None,None
1805715,63781144674473,None,None,None
1805724,63781144674484,None,None,None
1805732,63781144674495,None,None,None
1805749,63781144674506,None,None,None
1805757,63781144674518,None,None,None
1805774,63781144674529,None,None,None
1805782,63781144674539,None,None,None
1805790,63781144674550,None,None,None
1805799,63781144674562,None,None,None
1805815,63781144674574,None,None,None
1805824,63781144674584,None,None,None
1805832,63781144674595,None,None,None
1805849,63781144674607,None,None,None
1805857,63781144674618,None,None,None
1805865,63781144674628,None,None,None
1805882,63781144674640,None,None,None
1805890,63781144674651,None,None,None
1805907,63781144674662,None,None,None
1805915,63781144674673,None,None,None
1805924,63781144674684,None,None,None
1805932,63781144674695,None,None,None
1805949,63781144674706,None,None,None
1805957,63781144674717,None,None,None
1805974,63781144674729,None,None,None
1805982,63781144674739,None,None,None
1805990,63781144674751,None,None,None
1806007,63781144674762,None,None,None
1806015,63781144674773,None,None,None
1806024,63781144674784,None,None,None
1806040,63781144674796,None,None,None
1806049,63781144674806,None,None,None
1806057,63781144674817,None,None,None
1806074,63781144674829,None,None,None
1806082,63781144674840,None,None,None
1806090,63781144674850,None,None,None
1806099,63781144674861,None,None,None
1806115,63781144674874,None,None,None
1806124,63781144674884,None,None,None
1806132,63781144674895,None,None,None
1806149,63781144674906,None,None,None
1806157,63781144674917,None,None,None
1806165,63781144674928,None,None,None
1806182,63781144674940,None,None,None
1806190,63781144674951,None,None,None
1806207,63781144674962,None,None,None
1806215,63781144674973,None,None,None
1806224,63781144674984,None,None,None
1806232,63781144674995,None,None,None
1806249,63781144675006,None,None,None
1806257,63781144675017,None,None,None
1806274,63781144675028,None,None,None
1806282,63781144675040,None,None,None
1806290,63781144675050,None,None,None
1806299,63781144675062,None,None,None
1806315,63781144675073,None,None,None
1806324,63781144675084,None,None,None
1806332,63781144675095,None,None,None
1806349,63781144675106,None,None,None
1806357,63781144675117,None,None,None
1806374,63781144675129,None,None,None
1806382,63781144675139,None,None,None
1806390,63781144675150,None,None,None
1806407,63781144675162,None,None,None
1806415,63781144675173,None,None,None
1806424,63781144675184,None,None,None
1806440,63781144675195,None,None,None
1806449,63781144675206,None,None,None
1806457,63781144675218,None,None,None
1806474,63781144675228,None,None,None
1806482,63781144675240,None,None,None
1806490,63781144675250,None,None,None
1806499,63781144675261,None,None,None
1806515,63781144675273,None,None,None
1806524,63781144675283,None,None,None
1806532,63781144675295,None,None,None
1806549,63781144675306,None,None,None
1806557,63781144675317,None,None,None
1806574,63781144675328,None,None,None
1806582,63781144675340,None,None,None
1806590,63781144675351,None,None,None
1806607,63781144675362,None,None,None
1806615,63781144675372,None,None,None
1806624,63781144675383,None,None,None
1806632,63781144675395,None,None,None
1806649,63781144675406,None,None,None
1806657,63781144675417,Orientation Highlighting Plane,None,Orientation Highlighting Plane
1806665,63781144675428,None,None,None
1806682,63781144675439,None,None,None
1806690,63781144675450,None,None,None
1806699,63781144675461,None,None,None
1806715,63781144675473,None,None,None
1806724,63781144675483,None,None,None
1806732,63781144675495,None,None,None
1806749,63781144675507,None,None,None
1806757,63781144675517,None,None,None
1806765,63781144675528,None,None,None
1806782,63781144675539,None,None,None
1806790,63781144675550,None,None,None
1806807,63781144675562,None,None,None
1806815,63781144675573,None,None,None
1806824,63781144675583,None,None,None
1806832,63781144675595,None,None,None
1806849,63781144675605,None,None,None
1806857,63781144675617,None,None,None
1806865,63781144675628,Orientation Highlighting Plane,None,Orientation Highlighting Plane
1806882,63781144675639,Orientation Highlighting Plane,None,Orientation Highlighting Plane
1806890,63781144675650,Orientation Highlighting Plane,None,Orientation Highlighting Plane
1806899,63781144675661,Orientation Highlighting Plane,None,Orientation Highlighting Plane
1806915,63781144675672,Orientation Highlighting Plane,None,Orientation Highlighting Plane
1806924,63781144675683,Orientation Highlighting Plane,None,Orientation Highlighting Plane
1806932,63781144675695,Orientation Highlighting Plane,None,Orientation Highlighting Plane
1806949,63781144675706,Orientation Highlighting Plane,None,Orientation Highlighting Plane
1806957,63781144675717,Orientation Highlighting Plane,None,Orientation Highlighting Plane
1806965,63781144675728,Orientation Highlighting Plane,None,Orientation Highlighting Plane
1806982,63781144675739,Orientation Highlighting Plane,None,Orientation Highlighting Plane
1806990,63781144675750,Orientation Highlighting Plane,None,Orientation Highlighting Plane
1806999,63781144675761,Orientation Highlighting Plane,None,Orientation Highlighting Plane
1807015,63781144675772,Orientation Highlighting Plane,None,Orientation Highlighting Plane
1807024,63781144675783,Orientation Highlighting Plane,None,Orientation Highlighting Plane
1807032,63781144675794,Orientation Highlighting Plane,None,Orientation Highlighting Plane
1807049,63781144675805,Orientation Highlighting Plane,None,Orientation Highlighting Plane
1807057,63781144675817,Orientation Highlighting Plane,None,Orientation Highlighting Plane
1807065,63781144675827,Orientation Highlighting Plane,None,Orientation Highlighting Plane
1807082,63781144675839,Orientation Highlighting Plane,None,Orientation Highlighting Plane
1807090,63781144675850,Orientation Highlighting Plane,None,Orientation Highlighting Plane
1807107,63781144675862,Orientation Highlighting Plane,None,Orientation Highlighting Plane
1807115,63781144675872,Orientation Highlighting Plane,None,Orientation Highlighting Plane
1807124,63781144675884,Orientation Highlighting Plane,None,Orientation Highlighting Plane
1807132,63781144675895,Orientation Highlighting Plane,None,Orientation Highlighting Plane
1807149,63781144675907,Orientation Highlighting Plane,None,Orientation Highlighting Plane
1807157,63781144675916,Orientation Highlighting Plane,None,Orientation Highlighting Plane
1807165,63781144675928,Orientation Highlighting Plane,None,Orientation Highlighting Plane
1807182,63781144675939,Orientation Highlighting Plane,None,Orientation Highlighting Plane
1807190,63781144675950,Orientation Highlighting Plane,None,Orientation Highlighting Plane
1807198,63781144675961,Orientation Highlighting Plane,None,Orientation Highlighting Plane
1807215,63781144675973,Orientation Highlighting Plane,None,Orientation Highlighting Plane
1807223,63781144675983,Orientation Highlighting Plane,None,Orientation Highlighting Plane
1807232,63781144675995,Orientation Highlighting Plane,None,Orientation Highlighting Plane
1807248,63781144676005,Orientation Highlighting Plane,None,Orientation Highlighting Plane
1807257,63781144676017,Orientation Highlighting Plane,None,Orientation Highlighting Plane
1807265,63781144676027,Orientation Highlighting Plane,None,Orientation Highlighting Plane
1807282,63781144676039,Orientation Highlighting Plane,None,Orientation Highlighting Plane
1807290,63781144676050,Orientation Highlighting Plane,None,Orientation Highlighting Plane
1807298,63781144676061,Orientation Highlighting Plane,None,Orientation Highlighting Plane
1807315,63781144676072,Orientation Highlighting Plane,None,Orientation Highlighting Plane
1807323,63781144676084,Orientation Highlighting Plane,None,Orientation Highlighting Plane
1807332,63781144676094,Orientation Highlighting Plane,None,Orientation Highlighting Plane
1807348,63781144676106,Orientation Highlighting Plane,None,Orientation Highlighting Plane
1807357,63781144676116,Orientation Highlighting Plane,None,Orientation Highlighting Plane
1807365,63781144676128,Orientation Highlighting Plane,None,Orientation Highlighting Plane
1807382,63781144676139,Orientation Highlighting Plane,None,Orientation Highlighting Plane
1807390,63781144676150,Orientation Highlighting Plane,None,Orientation Highlighting Plane
1807398,63781144676161,Orientation Highlighting Plane,None,Orientation Highlighting Plane
1807415,63781144676178,Orientation Highlighting Plane,None,Orientation Highlighting Plane
1807423,63781144676184,Orientation Highlighting Plane,None,Orientation Highlighting Plane
1807432,63781144676189,Orientation Highlighting Plane,None,Orientation Highlighting Plane
1807440,63781144676200,Orientation Highlighting Plane,None,Orientation Highlighting Plane
1807448,63781144676211,Orientation Highlighting Plane,None,Orientation Highlighting Plane
1807465,63781144676222,Orientation Highlighting Plane,None,Orientation Highlighting Plane
1807473,63781144676234,Orientation Highlighting Plane,None,Orientation Highlighting Plane
1807490,63781144676246,Orientation Highlighting Plane,None,Orientation Highlighting Plane
1807498,63781144676256,Orientation Highlighting Plane,None,Orientation Highlighting Plane
1807507,63781144676267,Orientation Highlighting Plane,None,Orientation Highlighting Plane
1807523,63781144676279,Orientation Highlighting Plane,None,Orientation Highlighting Plane
1807532,63781144676289,Orientation Highlighting Plane,None,Orientation Highlighting Plane
1807540,63781144676300,Orientation Highlighting Plane,None,Orientation Highlighting Plane
1807548,63781144676311,Orientation Highlighting Plane,None,Orientation Highlighting Plane
1807565,63781144676322,Orientation Highlighting Plane,None,Orientation Highlighting Plane
1807573,63781144676334,Orientation Highlighting Plane,None,Orientation Highlighting Plane
1807582,63781144676345,Orientation Highlighting Plane,None,Orientation Highlighting Plane
1807598,63781144676356,Orientation Highlighting Plane,None,Orientation Highlighting Plane
1807607,63781144676367,Orientation Highlighting Plane,None,Orientation Highlighting Plane
1807615,63781144676378,Orientation Highlighting Plane,None,Orientation Highlighting Plane
1807632,63781144676389,Orientation Highlighting Plane,None,Orientation Highlighting Plane
1807640,63781144676400,Orientation Highlighting Plane,None,Orientation Highlighting Plane
1807648,63781144676411,Orientation Highlighting Plane,None,Orientation Highlighting Plane
1807665,63781144676422,Orientation Highlighting Plane,None,Orientation Highlighting Plane
1807673,63781144676434,Orientation Highlighting Plane,None,Orientation Highlighting Plane
1807690,63781144676445,Orientation Highlighting Plane,None,Orientation Highlighting Plane
1807698,63781144676456,Orientation Highlighting Plane,None,Orientation Highlighting Plane
1807707,63781144676467,Orientation Highlighting Plane,None,Orientation Highlighting Plane
1807723,63781144676478,Orientation Highlighting Plane,None,Orientation Highlighting Plane
1807732,63781144676489,Orientation Highlighting Plane,None,Orientation Highlighting Plane
1807740,63781144676500,Orientation Highlighting Plane,None,Orientation Highlighting Plane
1807748,63781144676511,Orientation Highlighting Plane,None,Orientation Highlighting Plane
1807765,63781144676522,Orientation Highlighting Plane,None,Orientation Highlighting Plane
1807773,63781144676534,Orientation Highlighting Plane,None,Orientation Highlighting Plane
1807790,63781144676545,Orientation Highlighting Plane,None,Orientation Highlighting Plane
1807798,63781144676556,Orientation Highlighting Plane,None,Orientation Highlighting Plane
1807807,63781144676568,Orientation Highlighting Plane,None,Orientation Highlighting Plane
1807823,63781144676579,Orientation Highlighting Plane,None,Orientation Highlighting Plane
1807832,63781144676591,Orientation Highlighting Plane,None,Orientation Highlighting Plane
1807840,63781144676602,Orientation Highlighting Plane,None,Orientation Highlighting Plane
1807857,63781144676613,Orientation Highlighting Plane,None,Orientation Highlighting Plane
1807865,63781144676624,Orientation Highlighting Plane,None,Orientation Highlighting Plane
1807873,63781144676636,Orientation Highlighting Plane,None,Orientation Highlighting Plane
1807890,63781144676647,Orientation Highlighting Plane,None,Orientation Highlighting Plane
1807898,63781144676658,Orientation Highlighting Plane,None,Orientation Highlighting Plane
1807915,63781144676670,Orientation Highlighting Plane,None,Orientation Highlighting Plane
1807923,63781144676681,Orientation Highlighting Plane,None,Orientation Highlighting Plane
1807932,63781144676692,Orientation Highlighting Plane,None,Orientation Highlighting Plane
1807948,63781144676704,Orientation Highlighting Plane,None,Orientation Highlighting Plane
1807957,63781144676715,Orientation Highlighting Plane,None,Orientation Highlighting Plane
1807965,63781144676726,Orientation Highlighting Plane,None,Orientation Highlighting Plane
1807982,63781144676738,Orientation Highlighting Plane,None,Orientation Highlighting Plane
1807990,63781144676749,Orientation Highlighting Plane,None,Orientation Highlighting Plane
1807998,63781144676760,Orientation Highlighting Plane,None,Orientation Highlighting Plane
1808015,63781144676771,Orientation Highlighting Plane,None,Orientation Highlighting Plane
1808023,63781144676783,Orientation Highlighting Plane,None,Orientation Highlighting Plane
1808032,63781144676794,Orientation Highlighting Plane,None,Orientation Highlighting Plane
1808048,63781144676805,Orientation Highlighting Plane,None,Orientation Highlighting Plane
1808057,63781144676816,Orientation Highlighting Plane,None,Orientation Highlighting Plane
1808065,63781144676827,Orientation Highlighting Plane,None,Orientation Highlighting Plane
1808082,63781144676839,Orientation Highlighting Plane,None,Orientation Highlighting Plane
1808090,63781144676849,Orientation Highlighting Plane,None,Orientation Highlighting Plane
1808098,63781144676861,Orientation Highlighting Plane,None,Orientation Highlighting Plane
1808115,63781144676871,Orientation Highlighting Plane,None,Orientation Highlighting Plane
1808123,63781144676882,Orientation Highlighting Plane,None,Orientation Highlighting Plane
1808132,63781144676894,Orientation Highlighting Plane,Station Name,Orientation Highlighting Plane
1808148,63781144676905,Orientation Highlighting Plane,Station Name,Orientation Highlighting Plane
1808157,63781144676916,Orientation Highlighting Plane,Station Name,Orientation Highlighting Plane
1808165,63781144676927,Orientation Highlighting Plane,None,Orientation Highlighting Plane
1808182,63781144676939,Orientation Highlighting Plane,None,Orientation Highlighting Plane
1808190,63781144676949,Orientation Highlighting Plane,None,Orientation Highlighting Plane
1808198,63781144676960,Orientation Highlighting Plane,None,Orientation Highlighting Plane
1808215,63781144676972,Orientation Highlighting Plane,None,Orientation Highlighting Plane
1808223,63781144676983,Orientation Highlighting Plane,Orientation Highlighting Plane,Orientation Highlighting Plane
1808232,63781144676994,Station Name,None,Orientation Highlighting Plane
1808248,63781144677005,Orientation Highlighting Plane,Orientation Highlighting Plane,Orientation Highlighting Plane
1808257,63781144677016,Orientation Highlighting Plane,Orientation Highlighting Plane,Orientation Highlighting Plane
1808265,63781144677027,None,Orientation Highlighting Plane,None
1808282,63781144677038,None,None,None
1808290,63781144677049,None,Orientation Highlighting Plane,None
1808298,63781144677060,None,None,None
1808315,63781144677071,None,None,None
1808323,63781144677082,None,None,None
1808332,63781144677094,None,None,None
1808348,63781144677105,None,None,None
1808356,63781144677116,None,None,None
1808365,63781144677127,None,None,None
1808381,63781144677138,None,None,None
1808390,63781144677149,None,None,None
1808398,63781144677160,None,None,None
1808415,63781144677171,None,None,None
1808423,63781144677182,None,None,None
1808431,63781144677193,None,None,None
1808448,63781144677204,None,None,None
1808456,63781144677216,None,None,None
1808465,63781144677227,None,None,None
1808481,63781144677237,None,None,None
1808490,63781144677249,None,None,None
1808498,63781144677259,None,None,None
1808515,63781144677271,None,None,None
1808523,63781144677282,None,None,None
1808531,63781144677293,None,None,None
1808548,63781144677304,None,None,None
1808556,63781144677315,None,None,None
1808565,63781144677326,None,None,None
1808581,63781144677337,None,None,None
1808590,63781144677348,None,None,None
1808598,63781144677359,None,None,None
1808615,63781144677371,None,None,None
1808623,63781144677381,None,None,None
1808631,63781144677392,None,None,None
1808648,63781144677403,Wayfinding_S,None,None
1808656,63781144677415,Wayfinding_S,None,None
1808665,63781144677426,Wayfinding_S,None,Wayfinding_S
1808681,63781144677437,Wayfinding_S,Wayfinding_S,Wayfinding_S
1808690,63781144677448,Wayfinding_S,Wayfinding_S,Wayfinding_S
1808698,63781144677459,Wayfinding_S,Wayfinding_S,Wayfinding_S
1808715,63781144677470,Wayfinding_S,Wayfinding_S,Wayfinding_S
1808723,63781144677481,Wayfinding_S,Wayfinding_S,Wayfinding_S
1808731,63781144677492,Wayfinding_S,Wayfinding_S,Wayfinding_S
1808748,63781144677503,Wayfinding_S,Wayfinding_S,Wayfinding_S
1808756,63781144677514,Wayfinding_S,Wayfinding_S,Wayfinding_S
1808765,63781144677526,Wayfinding_S,Wayfinding_S,Wayfinding_S
1808781,63781144677537,None,Wayfinding_S,Wayfinding_S
1808790,63781144677548,Wayfinding_S,None,Wayfinding_S
1808798,63781144677559,None,None,None
1808815,63781144677570,None,None,None
1808823,63781144677581,Wayfinding_S,None,None
1808831,63781144677592,Wayfinding_S,None,None
1808848,63781144677603,Wayfinding_S,None,None
1808856,63781144677614,Wayfinding_S,None,None
1808865,63781144677626,Wayfinding_S,None,None
1808881,63781144677637,Wayfinding_S,None,None
1808890,63781144677648,Wayfinding_S,None,None
1808898,63781144677659,Wayfinding_S,None,Wayfinding_S
1808915,63781144677670,Wayfinding_S,None,Wayfinding_S
1808923,63781144677681,Wayfinding_S,None,Wayfinding_S
1808931,63781144677692,Wayfinding_S,None,Wayfinding_S
1808948,63781144677703,Wayfinding_S,None,Wayfinding_S
1808956,63781144677714,None,None,Wayfinding_S
1808965,63781144677726,None,None,Wayfinding_S
1808981,63781144677737,None,None,Wayfinding_S
1808990,63781144677748,None,None,Wayfinding_S
1808998,63781144677759,None,None,Wayfinding_S
1809015,63781144677770,None,Wayfinding_S,Wayfinding_S
1809023,63781144677781,None,None,Wayfinding_S
1809031,63781144677792,None,None,Wayfinding_S
1809048,63781144677803,None,None,Wayfinding_S
1809056,63781144677814,None,None,Wayfinding_S
1809065,63781144677825,None,Wayfinding_S,Wayfinding_S
1809081,63781144677838,None,Wayfinding_S,Wayfinding_S
1809090,63781144677848,None,Wayfinding_S,Wayfinding_S
1809098,63781144677859,None,None,Wayfinding_S
1809115,63781144677871,None,None,Wayfinding_S
1809123,63781144677882,None,Wayfinding_S,Wayfinding_S
1809131,63781144677893,None,Wayfinding_S,Wayfinding_S
1809148,63781144677904,None,Wayfinding_S,Wayfinding_S
1809156,63781144677915,None,Wayfinding_S,Wayfinding_S
1809165,63781144677926,None,Wayfinding_S,Wayfinding_S
1809181,63781144677937,None,Wayfinding_S,Wayfinding_S
1809190,63781144677948,None,Wayfinding_S,None
1809198,63781144677959,None,Wayfinding_S,None
1809215,63781144677972,None,Wayfinding_S,None
1809223,63781144677982,None,None,Wayfinding_S
1809231,63781144677993,None,None,Wayfinding_S
1809248,63781144678004,None,None,Wayfinding_S
1809256,63781144678015,None,None,Wayfinding_S
1809265,63781144678026,None,None,Wayfinding_S
1809281,63781144678038,None,None,Wayfinding_S
1809290,63781144678049,None,Wayfinding_S,Wayfinding_S
1809298,63781144678060,None,Wayfinding_S,Wayfinding_S
1809315,63781144678071,None,Wayfinding_S,Wayfinding_S
1809323,63781144678082,None,Wayfinding_S,Wayfinding_S
1809331,63781144678093,None,Wayfinding_S,Wayfinding_S
1809348,63781144678104,None,Wayfinding_S,Wayfinding_S
1809356,63781144678115,None,Wayfinding_S,None
1809365,63781144678126,None,Wayfinding_S,None
1809381,63781144678138,None,None,None
1809390,63781144678149,None,None,None
1809398,63781144678159,None,None,None
1809415,63781144678171,None,None,None
1809423,63781144678182,None,None,None
1809431,63781144678193,None,None,None
1809448,63781144678204,None,None,None
1809456,63781144678215,None,None,None
1809465,63781144678226,None,None,None
1809481,63781144678237,None,Wayfinding_S,None
1809490,63781144678248,None,Wayfinding_S,None
1809498,63781144678259,None,Wayfinding_S,None
1809515,63781144678271,None,Wayfinding_S,None
1809523,63781144678282,None,Wayfinding_S,None
1809531,63781144678293,None,Wayfinding_S,None
1809548,63781144678304,None,Wayfinding_S,None
1809556,63781144678316,None,Wayfinding_S,None
1809565,63781144678326,None,Wayfinding_S,None
1809581,63781144678337,None,None,None
1809590,63781144678348,None,None,None
1809598,63781144678359,None,None,None
1809615,63781144678371,None,None,None
1809623,63781144678382,None,None,None
1809631,63781144678392,None,Wayfinding_S,None
1809648,63781144678404,None,Wayfinding_S,None
1809656,63781144678415,None,Wayfinding_S,None
1809665,63781144678426,None,Wayfinding_S,None
1809681,63781144678437,None,Wayfinding_S,None
1809690,63781144678448,None,Wayfinding_S,None
1809698,63781144678460,None,Wayfinding_S,None
1809715,63781144678470,None,Wayfinding_S,Wayfinding_S
1809723,63781144678481,None,Wayfinding_S,Wayfinding_S
1809731,63781144678492,None,Wayfinding_S,None
1809748,63781144678504,None,Wayfinding_S,None
1809756,63781144678515,None,Wayfinding_S,None
1809765,63781144678526,None,Wayfinding_S,None
1809781,63781144678537,None,Wayfinding_S,None
1809790,63781144678548,None,Wayfinding_S,None
1809798,63781144678559,None,Wayfinding_S,None
1809815,63781144678570,None,Wayfinding_S,None
1809823,63781144678581,None,Wayfinding_S,None
1809831,63781144678592,None,None,None
1809848,63781144678603,Wayfinding_S,None,Wayfinding_S
1809856,63781144678615,None,Wayfinding_S,None
1809865,63781144678626,None,None,None
1809881,63781144678637,None,None,None
1809890,63781144678648,None,None,None
1809898,63781144678660,None,None,None
1809914,63781144678670,None,None,None
1809923,63781144678681,None,None,None
1809931,63781144678692,None,None,None
1809948,63781144678703,None,None,None
1809956,63781144678714,None,None,None
1809964,63781144678725,None,None,None
1809981,63781144678737,None,None,None
1809989,63781144678748,None,None,None
1809998,63781144678759,None,None,None
1810014,63781144678770,Wayfinding_S,None,Wayfinding_S
1810023,63781144678781,None,None,None
1810031,63781144678792,Wayfinding_S,None,Wayfinding_S
1810048,63781144678803,None,None,None
1810056,63781144678815,None,None,None
1810064,63781144678826,None,None,None
1810081,63781144678837,None,Wayfinding_S,Wayfinding_S
1810089,63781144678848,None,None,None
1810098,63781144678859,None,None,None
1810114,63781144678870,None,None,None
1810123,63781144678881,None,None,None
1810131,63781144678892,None,None,None
1810148,63781144678903,None,Wayfinding_S,None
1810156,63781144678915,None,None,None
1810164,63781144678926,None,None,None
1810181,63781144678937,None,None,None
1810189,63781144678948,None,None,None
1810198,63781144678959,None,None,None
1810214,63781144678970,None,Wayfinding_S,None
1810223,63781144678981,None,None,None
1810231,63781144678992,None,None,None
1810248,63781144679004,None,None,None
1810256,63781144679015,None,None,None
1810264,63781144679025,None,None,None
1810281,63781144679037,None,None,None
1810289,63781144679048,None,None,None
1810298,63781144679059,None,None,None
1810314,63781144679070,None,Wayfinding_S,None
1810323,63781144679082,None,Wayfinding_S,None
1810331,63781144679092,None,None,None
1810348,63781144679103,None,Wayfinding_S,None
1810356,63781144679114,None,Wayfinding_S,None
1810364,63781144679125,None,Wayfinding_S,None
1810381,63781144679137,None,Wayfinding_S,None
1810389,63781144679148,None,Wayfinding_S,None
1810398,63781144679159,None,Wayfinding_S,None
1810414,63781144679170,None,Wayfinding_S,None
1810423,63781144679181,None,Wayfinding_S,None
1810431,63781144679192,None,None,None
1810448,63781144679203,None,None,None
1810456,63781144679215,None,None,None
1810464,63781144679226,None,None,None
1810481,63781144679237,None,None,None
1810489,63781144679248,None,None,None
1810498,63781144679258,None,None,None
1810506,63781144679269,None,None,None
1810523,63781144679280,None,None,None
1810531,63781144679291,None,None,None
1810539,63781144679302,None,None,None
1810556,63781144679313,None,None,None
1810564,63781144679324,None,None,None
1810581,63781144679336,None,None,None
1810589,63781144679347,None,None,None
1810598,63781144679357,None,None,None
1810614,63781144679369,None,None,None
1810623,63781144679380,None,None,None
1810631,63781144679391,None,None,None
1810639,63781144679402,None,None,None
1810656,63781144679413,None,None,None
1810665,63781144679424,None,None,None
1810681,63781144679435,None,None,None
1810690,63781144679446,None,None,None
1810698,63781144679457,None,None,None
1810706,63781144679468,None,None,None
1810723,63781144679479,None,None,None
1810731,63781144679491,None,None,None
1810748,63781144679502,None,None,None
1810756,63781144679513,None,None,None
1810764,63781144679524,None,None,None
1810781,63781144679535,None,None,None
1810789,63781144679546,None,None,None
1810798,63781144679557,None,None,None
1810806,63781144679568,None,None,None
1810823,63781144679579,None,None,None
1810831,63781144679590,None,None,None
1810839,63781144679601,None,None,None
1810856,63781144679613,None,Wayfinding_S,None
1810864,63781144679624,None,Wayfinding_S,Wayfinding_S
1810873,63781144679635,None,Wayfinding_S,None
1810889,63781144679646,None,None,None
1810898,63781144679657,None,None,None
1810914,63781144679669,None,None,None
1810923,63781144679680,None,None,None
1810931,63781144679691,None,None,None
1810948,63781144679702,None,None,None
1810956,63781144679718,None,None,None
1810964,63781144679724,None,None,None
1810973,63781144679733,None,None,None
1810989,63781144679744,None,None,None
1810998,63781144679755,None,None,None
1811006,63781144679766,None,None,None
1811023,63781144679777,None,None,None
1811031,63781144679788,None,None,None
1811039,63781144679800,None,None,None
1811056,63781144679811,None,None,None
1811064,63781144679822,None,None,None
1811073,63781144679833,None,None,None
1811089,63781144679844,None,None,None
1811098,63781144679856,None,None,None
1811106,63781144679867,None,None,None
1811123,63781144679878,None,None,None
1811131,63781144679889,None,None,None
1811139,63781144679900,None,None,None
1811156,63781144679912,None,None,None
1811164,63781144679923,None,Wayfinding_S,None
1811173,63781144679933,None,Wayfinding_S,Wayfinding_S
1811189,63781144679945,None,Wayfinding_S,Wayfinding_S
1811198,63781144679956,None,Wayfinding_S,Wayfinding_S
1811206,63781144679967,None,Wayfinding_S,Wayfinding_S
1811223,63781144679978,None,Wayfinding_S,None
1811231,63781144679989,Wayfinding_S,Wayfinding_S,Wayfinding_S
1811239,63781144680000,Wayfinding_S,None,None
1811256,63781144680012,None,Wayfinding_S,Wayfinding_S
1811264,63781144680022,None,Wayfinding_S,Wayfinding_S
1811273,63781144680034,None,Wayfinding_S,Wayfinding_S
1811289,63781144680045,None,Wayfinding_S,Wayfinding_S
1811298,63781144680056,None,Wayfinding_S,None
1811306,63781144680067,None,Wayfinding_S,Wayfinding_S
1811323,63781144680078,None,Wayfinding_S,Wayfinding_S
1811331,63781144680090,None,Wayfinding_S,Wayfinding_S
1811339,63781144680101,None,Wayfinding_S,Wayfinding_S
1811356,63781144680112,None,Wayfinding_S,Wayfinding_S
1811364,63781144680123,None,Wayfinding_S,Wayfinding_S
1811373,63781144680135,None,Wayfinding_S,Wayfinding_S
1811389,63781144680146,None,Wayfinding_S,Wayfinding_S
1811398,63781144680157,None,Wayfinding_S,Wayfinding_S
1811406,63781144680169,None,Wayfinding_S,Wayfinding_S
1811423,63781144680179,None,Wayfinding_S,Wayfinding_S
1811431,63781144680191,None,Wayfinding_S,Wayfinding_S
1811439,63781144680202,None,Wayfinding_S,Wayfinding_S
1811456,63781144680214,None,Wayfinding_S,Wayfinding_S
1811464,63781144680225,None,Wayfinding_S,Wayfinding_S
1811481,63781144680236,None,Wayfinding_S,Wayfinding_S
1811489,63781144680247,None,Wayfinding_S,Wayfinding_S
1811498,63781144680258,None,Wayfinding_S,Wayfinding_S
1811506,63781144680269,None,None,None
1811523,63781144680281,Wayfinding_S,None,Wayfinding_S
1811531,63781144680292,Wayfinding_S,None,Wayfinding_S
1811548,63781144680303,Notruf_nach-links,Notruf_nach-links,Notruf_nach-links
1811556,63781144680314,Notruf_nach-links,Notruf_nach-links,Notruf_nach-links
1811564,63781144680325,Notruf_nach-links,Notruf_nach-links,Notruf_nach-links
1811581,63781144680336,Notruf_nach-links,Notruf_nach-links,Notruf_nach-links
1811589,63781144680347,Notruf_nach-links,Notruf_nach-links,Notruf_nach-links
1811598,63781144680358,Notruf_nach-links,Notruf_nach-links,Notruf_nach-links
1811614,63781144680369,Notruf_nach-links,Notruf_nach-links,Notruf_nach-links
1811623,63781144680381,Notruf_nach-links,Notruf_nach-links,Notruf_nach-links
1811631,63781144680392,Notruf_nach-links,Notruf_nach-links,Notruf_nach-links
1811648,63781144680403,Notruf_nach-links,Notruf_nach-links,Notruf_nach-links
1811656,63781144680414,Notruf_nach-links,Notruf_nach-links,Notruf_nach-links
1811664,63781144680425,Notruf_nach-links,Notruf_nach-links,Notruf_nach-links
1811681,63781144680436,Notruf_nach-links,Notruf_nach-links,Notruf_nach-links
1811689,63781144680447,Notruf_nach-links,Notruf_nach-links,Notruf_nach-links
1811698,63781144680458,Notruf_nach-links,Notruf_nach-links,Notruf_nach-links
1811714,63781144680469,Notruf_nach-links,Notruf_nach-links,Notruf_nach-links
1811723,63781144680481,Notruf_nach-links,Notruf_nach-links,Notruf_nach-links
1811731,63781144680491,Notruf_nach-links,Notruf_nach-links,Notruf_nach-links
1811748,63781144680503,Notruf_nach-links,Notruf_nach-links,Notruf_nach-links
1811756,63781144680514,Notruf_nach-links,Notruf_nach-links,Notruf_nach-links
1811764,63781144680525,Notruf_nach-links,Notruf_nach-links,Notruf_nach-links
1811781,63781144680536,Notruf_nach-links,Notruf_nach-links,Notruf_nach-links
1811789,63781144680547,Notruf_nach-links,None,Notruf_nach-links
1811797,63781144680558,Notruf_nach-links,None,Notruf_nach-links
1811814,63781144680569,Notruf_nach-links,None,None
1811822,63781144680580,Notruf_nach-links,None,None
1811831,63781144680591,Notruf_nach-links,None,None
1811839,63781144680603,None,None,None
1811856,63781144680614,None,None,None
1811864,63781144680625,None,None,None
1811881,63781144680636,None,None,None
1811889,63781144680647,None,None,None
1811897,63781144680658,None,None,None
1811914,63781144680669,None,None,None
1811922,63781144680680,None,None,None
1811931,63781144680692,None,None,None
1811947,63781144680702,None,None,None
1811956,63781144680714,None,None,None
1811964,63781144680725,None,None,None
1811981,63781144680736,None,None,None
1811989,63781144680747,None,None,None
1811997,63781144680758,None,None,None
1812014,63781144680769,Wayfinding_S,None,Wayfinding_S
1812022,63781144680780,None,None,None
1812031,63781144680792,None,None,None
1812047,63781144680803,None,None,None
1812056,63781144680813,None,None,None
1812064,63781144680825,None,None,None
1812081,63781144680836,None,None,None
1812089,63781144680847,None,None,None
1812097,63781144680858,None,None,None
1812114,63781144680869,None,None,None
1812122,63781144680880,None,None,None
1812131,63781144680891,None,None,None
1812147,63781144680902,None,None,None
1812156,63781144680914,None,None,None
1812164,63781144680925,None,None,None
1812181,63781144680936,None,None,None
1812189,63781144680947,None,None,None
1812197,63781144680958,None,None,None
1812214,63781144680969,None,None,None
1812222,63781144680981,None,None,None
1812231,63781144680991,None,None,None
1812247,63781144681003,None,None,None
1812256,63781144681013,None,None,None
1812264,63781144681024,None,None,None
1812281,63781144681036,None,None,None
1812289,63781144681047,None,Wayfinding_S,None
1812297,63781144681058,None,Wayfinding_S,None
1812314,63781144681069,None,Wayfinding_S,None
1812322,63781144681080,None,Wayfinding_S,None
1812331,63781144681091,None,Wayfinding_S,None
1812347,63781144681103,None,None,None
1812356,63781144681113,None,None,None
1812364,63781144681125,None,None,None
1812381,63781144681136,None,None,None
1812389,63781144681147,None,None,None
1812397,63781144681158,None,None,None
1812414,63781144681169,None,None,None
1812422,63781144681180,None,None,None
1812430,63781144681191,None,None,None
1812447,63781144681202,None,None,None
1812455,63781144681213,None,Wayfinding_S,None
1812464,63781144681225,None,Wayfinding_S,None
1812480,63781144681236,None,Wayfinding_S,None
1812489,63781144681247,None,Wayfinding_S,None
1812497,63781144681258,None,Wayfinding_S,None
1812514,63781144681269,None,Wayfinding_S,None
1812522,63781144681280,None,Wayfinding_S,None
1812530,63781144681291,None,Wayfinding_S,None
1812547,63781144681302,None,None,None
1812555,63781144681313,None,None,None
1812564,63781144681324,None,None,None
1812580,63781144681336,None,None,None
1812589,63781144681347,None,None,None
1812597,63781144681357,None,None,None
1812614,63781144681369,None,Wayfinding_S,Wayfinding_S
1812622,63781144681380,None,Wayfinding_S,Wayfinding_S
1812630,63781144681391,None,Wayfinding_S,Wayfinding_S
1812639,63781144681402,None,Wayfinding_S,Wayfinding_S
1812655,63781144681414,None,Wayfinding_S,Wayfinding_S
1812664,63781144681424,None,Wayfinding_S,Wayfinding_S
1812672,63781144681435,None,Wayfinding_S,Wayfinding_S
1812689,63781144681447,None,Wayfinding_S,Wayfinding_S
1812697,63781144681458,None,Wayfinding_S,Wayfinding_S
1812714,63781144681469,None,Wayfinding_S,Wayfinding_S
1812722,63781144681480,None,Wayfinding_S,Wayfinding_S
1812730,63781144681491,None,Wayfinding_S,Wayfinding_S
1812747,63781144681502,None,None,None
1812755,63781144681513,None,Wayfinding_S,None
1812764,63781144681524,None,Wayfinding_S,Wayfinding_S
1812780,63781144681536,Wayfinding_S,Wayfinding_S,Wayfinding_S
1812789,63781144681547,Wayfinding_S,Wayfinding_S,Wayfinding_S
1812797,63781144681557,Wayfinding_S,Wayfinding_S,Wayfinding_S
1812814,63781144681569,Wayfinding_S,Wayfinding_S,Wayfinding_S
1812822,63781144681580,Wayfinding_S,Wayfinding_S,Wayfinding_S
1812830,63781144681591,Wayfinding_S,Wayfinding_S,Wayfinding_S
1812847,63781144681602,Wayfinding_S,Wayfinding_S,Wayfinding_S
1812855,63781144681613,Wayfinding_S,Wayfinding_S,Wayfinding_S
1812864,63781144681624,Wayfinding_S,Wayfinding_S,Wayfinding_S
1812880,63781144681635,Wayfinding_S,Wayfinding_S,Wayfinding_S
1812889,63781144681646,Wayfinding_S,Wayfinding_S,Wayfinding_S
1812897,63781144681658,Wayfinding_S,Wayfinding_S,Wayfinding_S
1812914,63781144681669,Wayfinding_S,Wayfinding_S,Wayfinding_S
1812922,63781144681680,Wayfinding_S,Wayfinding_S,Wayfinding_S
1812930,63781144681691,Wayfinding_S,Wayfinding_S,Wayfinding_S
1812947,63781144681702,Wayfinding_S,Wayfinding_S,Wayfinding_S
1812955,63781144681713,Wayfinding_S,Wayfinding_S,Wayfinding_S
1812964,63781144681724,Wayfinding_S,Wayfinding_S,Wayfinding_S
1812980,63781144681735,Wayfinding_S,Wayfinding_S,Wayfinding_S
1812989,63781144681746,Wayfinding_S,Wayfinding_S,Wayfinding_S
1812997,63781144681758,Wayfinding_S,Wayfinding_S,Wayfinding_S
1813014,63781144681769,Wayfinding_S,Wayfinding_S,Wayfinding_S
1813022,63781144681780,Wayfinding_S,Wayfinding_S,Wayfinding_S
1813030,63781144681791,Wayfinding_S,Wayfinding_S,Wayfinding_S
1813047,63781144681802,Wayfinding_S,Wayfinding_S,Wayfinding_S
1813055,63781144681813,Wayfinding_S,Wayfinding_S,Wayfinding_S
1813064,63781144681824,Wayfinding_S,Wayfinding_S,Wayfinding_S
1813080,63781144681835,Wayfinding_S,Wayfinding_S,Wayfinding_S
1813089,63781144681846,Wayfinding_S,Wayfinding_S,Wayfinding_S
1813097,63781144681857,Wayfinding_S,Wayfinding_S,Wayfinding_S
1813114,63781144681868,Wayfinding_S,Wayfinding_S,Wayfinding_S
1813122,63781144681880,Wayfinding_S,Wayfinding_S,Wayfinding_S
1813130,63781144681891,Wayfinding_S,Wayfinding_S,Wayfinding_S
1813147,63781144681902,Wayfinding_S,Wayfinding_S,Wayfinding_S
1813155,63781144681913,Wayfinding_S,Wayfinding_S,Wayfinding_S
1813164,63781144681924,Wayfinding_S,Wayfinding_S,Wayfinding_S
1813180,63781144681935,Wayfinding_S,Wayfinding_S,Wayfinding_S
1813189,63781144681946,Wayfinding_S,Wayfinding_S,Wayfinding_S
1813197,63781144681957,Wayfinding_S,Wayfinding_S,Wayfinding_S
1813214,63781144681969,Wayfinding_S,Wayfinding_S,Wayfinding_S
1813222,63781144681980,Wayfinding_S,Wayfinding_S,Wayfinding_S
1813230,63781144681990,Wayfinding_S,Wayfinding_S,Wayfinding_S
1813247,63781144682002,Wayfinding_S,Wayfinding_S,Wayfinding_S
1813255,63781144682013,Wayfinding_S,Wayfinding_S,Wayfinding_S
1813264,63781144682024,Wayfinding_S,Wayfinding_S,Wayfinding_S
1813280,63781144682035,Wayfinding_S,Wayfinding_S,Wayfinding_S
1813289,63781144682046,Wayfinding_S,Wayfinding_S,Wayfinding_S
1813297,63781144682057,Wayfinding_S,Wayfinding_S,Wayfinding_S
1813314,63781144682068,Wayfinding_S,Wayfinding_S,Wayfinding_S
1813322,63781144682080,Wayfinding_S,Wayfinding_S,Wayfinding_S
1813330,63781144682090,Wayfinding_S,Wayfinding_S,Wayfinding_S
1813347,63781144682102,Wayfinding_S,Wayfinding_S,Wayfinding_S
1813355,63781144682113,Wayfinding_S,Wayfinding_S,Wayfinding_S
1813364,63781144682124,Wayfinding_S,Wayfinding_S,Wayfinding_S
1813380,63781144682135,Wayfinding_S,Wayfinding_S,Wayfinding_S
1813389,63781144682146,Wayfinding_S,Wayfinding_S,Wayfinding_S
1813397,63781144682157,Wayfinding_S,Wayfinding_S,Wayfinding_S
1813414,63781144682169,Wayfinding_S,Wayfinding_S,Wayfinding_S
1813422,63781144682179,Wayfinding_S,Wayfinding_S,Wayfinding_S
1813430,63781144682191,Wayfinding_S,Wayfinding_S,Wayfinding_S
1813447,63781144682202,Wayfinding_S,Wayfinding_S,Wayfinding_S
1813455,63781144682213,Wayfinding_S,Wayfinding_S,Wayfinding_S
1813464,63781144682224,Wayfinding_S,Wayfinding_S,Wayfinding_S
1813480,63781144682235,Wayfinding_S,None,Wayfinding_S
1813489,63781144682246,Wayfinding_S,Wayfinding_S,Wayfinding_S
1813497,63781144682257,Wayfinding_S,Wayfinding_S,Wayfinding_S
1813514,63781144682269,Wayfinding_S,Wayfinding_S,Wayfinding_S
1813522,63781144682280,Wayfinding_S,Wayfinding_S,Wayfinding_S
1813530,63781144682291,Wayfinding_S,None,Wayfinding_S
1813547,63781144682302,Wayfinding_S,Wayfinding_S,Wayfinding_S
1813555,63781144682313,None,Wayfinding_S,Wayfinding_S
1813564,63781144682324,Wayfinding_S,Wayfinding_S,Wayfinding_S
1813580,63781144682335,None,Wayfinding_S,Wayfinding_S
1813589,63781144682346,None,Wayfinding_S,Wayfinding_S
1813597,63781144682357,None,Wayfinding_S,Wayfinding_S
1813605,63781144682368,None,Wayfinding_S,Wayfinding_S
1813622,63781144682379,None,Wayfinding_S,Wayfinding_S
1813630,63781144682390,None,Wayfinding_S,Wayfinding_S
1813639,63781144682401,None,Wayfinding_S,Wayfinding_S
1813655,63781144682413,None,Wayfinding_S,Wayfinding_S
1813664,63781144682424,None,Wayfinding_S,Wayfinding_S
1813672,63781144682435,None,Wayfinding_S,Wayfinding_S
1813689,63781144682446,None,Wayfinding_S,Wayfinding_S
1813697,63781144682457,None,Wayfinding_S,Wayfinding_S
1813705,63781144682468,None,Wayfinding_S,Wayfinding_S
1813722,63781144682479,None,Wayfinding_S,Wayfinding_S
1813730,63781144682490,None,Wayfinding_S,Wayfinding_S
1813747,63781144682502,None,Wayfinding_S,Wayfinding_S
1813755,63781144682513,None,Wayfinding_S,Wayfinding_S
1813764,63781144682524,None,Wayfinding_S,Wayfinding_S
1813780,63781144682535,None,Wayfinding_S,Wayfinding_S
1813789,63781144682546,None,Wayfinding_S,Wayfinding_S
1813797,63781144682557,None,Wayfinding_S,Wayfinding_S
1813805,63781144682568,None,Wayfinding_S,Wayfinding_S
1813822,63781144682579,None,Wayfinding_S,Wayfinding_S
1813830,63781144682590,None,Wayfinding_S,Wayfinding_S
1813847,63781144682602,None,Wayfinding_S,Wayfinding_S
1813855,63781144682613,None,Wayfinding_S,Wayfinding_S
1813864,63781144682624,None,Wayfinding_S,Wayfinding_S
1813872,63781144682635,None,Wayfinding_S,Wayfinding_S
1813889,63781144682646,None,Wayfinding_S,Wayfinding_S
1813897,63781144682657,None,Wayfinding_S,Wayfinding_S
1813905,63781144682668,None,Wayfinding_S,Wayfinding_S
1813922,63781144682679,None,Wayfinding_S,Wayfinding_S
1813930,63781144682690,None,Wayfinding_S,Wayfinding_S
1813939,63781144682701,None,Wayfinding_S,Wayfinding_S
1813955,63781144682712,None,Wayfinding_S,Wayfinding_S
1813964,63781144682724,None,Wayfinding_S,Wayfinding_S
1813972,63781144682735,None,Wayfinding_S,Wayfinding_S
1813989,63781144682750,None,Wayfinding_S,Wayfinding_S
1813997,63781144682757,None,Wayfinding_S,Wayfinding_S
1814005,63781144682765,Wayfinding_S,Wayfinding_S,Wayfinding_S
1814014,63781144682776,Wayfinding_S,Wayfinding_S,Wayfinding_S
1814030,63781144682788,Wayfinding_S,Wayfinding_S,Wayfinding_S
1814039,63781144682799,None,Wayfinding_S,Wayfinding_S
1814047,63781144682810,Wayfinding_S,Wayfinding_S,Wayfinding_S
1814064,63781144682821,Wayfinding_S,Wayfinding_S,Wayfinding_S
1814072,63781144682832,Wayfinding_S,Wayfinding_S,Wayfinding_S
1814080,63781144682843,Wayfinding_S,Wayfinding_S,Wayfinding_S
1814097,63781144682854,Wayfinding_S,Wayfinding_S,Wayfinding_S
1814105,63781144682865,Wayfinding_S,Wayfinding_S,Wayfinding_S
1814114,63781144682876,Wayfinding_S,Wayfinding_S,Wayfinding_S
1814130,63781144682887,Wayfinding_S,Wayfinding_S,Wayfinding_S
1814139,63781144682898,Wayfinding_S,Wayfinding_S,Wayfinding_S
1814147,63781144682910,Wayfinding_S,Wayfinding_S,Wayfinding_S
1814164,63781144682921,Wayfinding_S,Wayfinding_S,Wayfinding_S
1814172,63781144682932,Wayfinding_S,Wayfinding_S,Wayfinding_S
1814180,63781144682943,Wayfinding_S,Wayfinding_S,Wayfinding_S
1814197,63781144682954,Wayfinding_S,Wayfinding_S,Wayfinding_S
1814205,63781144682966,Wayfinding_S,Wayfinding_S,Wayfinding_S
1814214,63781144682976,Wayfinding_S,Wayfinding_S,Wayfinding_S
1814230,63781144682987,Wayfinding_S,Wayfinding_S,Wayfinding_S
1814239,63781144682998,Wayfinding_S,Wayfinding_S,Wayfinding_S
1814247,63781144683009,Wayfinding_S,Wayfinding_S,Wayfinding_S
1814264,63781144683020,Wayfinding_S,Wayfinding_S,Wayfinding_S
1814272,63781144683032,Wayfinding_S,Wayfinding_S,Wayfinding_S
1814280,63781144683043,Wayfinding_S,Wayfinding_S,Wayfinding_S
1814297,63781144683054,Wayfinding_S,Wayfinding_S,Wayfinding_S
1814305,63781144683065,Wayfinding_S,Wayfinding_S,Wayfinding_S
1814314,63781144683076,Wayfinding_S,Wayfinding_S,Wayfinding_S
1814330,63781144683087,Wayfinding_S,Wayfinding_S,Wayfinding_S
1814339,63781144683098,Wayfinding_S,Wayfinding_S,Wayfinding_S
1814355,63781144683110,Wayfinding_S,Wayfinding_S,Wayfinding_S
1814364,63781144683121,Wayfinding_S,Wayfinding_S,Wayfinding_S
1814372,63781144683133,Wayfinding_S,Wayfinding_S,Wayfinding_S
1814389,63781144683144,Wayfinding_S,Wayfinding_S,Wayfinding_S
1814397,63781144683155,Wayfinding_S,Wayfinding_S,Wayfinding_S
1814405,63781144683166,Wayfinding_S,Wayfinding_S,Wayfinding_S
1814422,63781144683178,None,Wayfinding_S,None
1814430,63781144683189,Wayfinding_S,None,Wayfinding_S
1814439,63781144683200,Wayfinding_S,Wayfinding_S,Wayfinding_S
1814455,63781144683211,Wayfinding_S,Wayfinding_S,Wayfinding_S
1814464,63781144683223,Wayfinding_S,Wayfinding_S,Wayfinding_S
1814472,63781144683234,Wayfinding_S,Wayfinding_S,Wayfinding_S
1814489,63781144683245,Wayfinding_S,Wayfinding_S,Wayfinding_S
1814497,63781144683256,Wayfinding_S,Wayfinding_S,Wayfinding_S
1814505,63781144683267,Wayfinding_S,Wayfinding_S,Wayfinding_S
1814522,63781144683279,Wayfinding_S,Wayfinding_S,Wayfinding_S
1814530,63781144683290,Wayfinding_S,Wayfinding_S,Wayfinding_S
1814547,63781144683301,Wayfinding_S,Wayfinding_S,Wayfinding_S
1814555,63781144683312,Wayfinding_S,Wayfinding_S,Wayfinding_S
1814564,63781144683323,Wayfinding_S,Wayfinding_S,Wayfinding_S
1814580,63781144683334,Wayfinding_S,Wayfinding_S,Wayfinding_S
1814589,63781144683345,Wayfinding_S,Wayfinding_S,Wayfinding_S
1814597,63781144683357,Wayfinding_S,Wayfinding_S,Wayfinding_S
1814614,63781144683368,Wayfinding_S,None,Wayfinding_S
1814622,63781144683379,Wayfinding_S,Wayfinding_S,Wayfinding_S
1814630,63781144683390,None,None,None
1814639,63781144683401,None,None,None
1814655,63781144683412,None,None,None
1814664,63781144683423,None,None,None
1814680,63781144683435,None,None,None
1814689,63781144683445,None,None,None
1814697,63781144683456,None,None,None
1814705,63781144683467,None,None,None
1814722,63781144683479,None,None,None
1814730,63781144683489,None,None,None
1814747,63781144683501,None,None,None
1814755,63781144683512,None,None,None
1814764,63781144683523,None,None,None
1814780,63781144683534,None,None,None
1814789,63781144683545,None,None,None
1814797,63781144683556,None,None,None
1814814,63781144683567,None,None,None
1814822,63781144683578,None,None,None
1814830,63781144683590,None,None,None
1814847,63781144683601,None,None,None
1814855,63781144683612,None,None,None
1814864,63781144683623,None,None,None
1814880,63781144683634,None,None,None
1814889,63781144683645,None,None,None
1814897,63781144683657,None,None,None
1814914,63781144683669,None,None,None
1814922,63781144683679,None,None,None
1814930,63781144683691,None,None,None
1814947,63781144683702,None,None,None
1814955,63781144683713,None,None,None
1814964,63781144683724,None,None,None
1814980,63781144683735,None,None,None
1814988,63781144683746,None,None,None
1814997,63781144683757,None,None,None
1815013,63781144683768,None,None,None
1815022,63781144683779,None,None,None
1815030,63781144683790,None,None,None
1815038,63781144683802,None,None,None
1815055,63781144683813,None,None,None
1815063,63781144683825,None,None,None
1815072,63781144683835,None,None,None
1815088,63781144683846,None,Wayfinding_S,Wayfinding_S
1815097,63781144683857,Wayfinding_S,Wayfinding_S,Wayfinding_S
1815105,63781144683868,Wayfinding_S,Wayfinding_S,Wayfinding_S
1815122,63781144683880,Mittelteil,None,Wayfinding_S
1815130,63781144683891,Mittelteil,None,None
1815138,63781144683902,Wayfinding_S,None,None
1815155,63781144683913,None,None,None
1815163,63781144683924,None,None,None
1815172,63781144683935,None,None,None
1815188,63781144683946,None,None,None
1815197,63781144683957,None,None,None
1815205,63781144683968,None,None,None
1815222,63781144683979,None,None,None
1815230,63781144683990,None,None,None
1815238,63781144684001,None,None,None
1815255,63781144684013,None,None,None
1815263,63781144684024,None,None,None
1815272,63781144684035,None,None,None
1815288,63781144684046,None,None,None
1815297,63781144684057,None,None,None
1815313,63781144684069,None,None,None
1815322,63781144684079,None,None,None
1815330,63781144684091,None,None,None
1815338,63781144684101,None,None,None
1815355,63781144684112,None,None,None
1815363,63781144684124,None,None,None
1815380,63781144684135,None,None,None
1815388,63781144684146,None,None,None
1815396,63781144684157,None,None,None
1815413,63781144684169,None,None,None
1815421,63781144684179,None,None,None
1815430,63781144684190,None,None,None
1815438,63781144684201,None,None,None
1815455,63781144684213,None,None,None
1815463,63781144684224,None,None,None
1815480,63781144684235,None,None,None
1815488,63781144684246,None,None,None
1815496,63781144684257,None,None,None
1815513,63781144684268,None,None,None
1815521,63781144684279,None,None,None
1815530,63781144684290,None,None,None
1815538,63781144684301,None,None,None
1815555,63781144684313,None,None,None
1815563,63781144684324,None,None,None
1815580,63781144684335,None,None,None
1815588,63781144684346,None,None,None
1815596,63781144684357,None,None,None
1815613,63781144684368,None,None,None
1815621,63781144684379,None,None,None
1815630,63781144684390,None,None,None
1815638,63781144684401,None,None,None
1815655,63781144684412,None,None,None
1815663,63781144684424,None,None,None
1815671,63781144684435,None,None,None
1815688,63781144684446,None,None,None
1815696,63781144684457,Notruf_nach-links,None,None
1815705,63781144684468,Notruf_nach-links,None,None
1815721,63781144684479,Wayfinding_S,None,Wayfinding_S
1815730,63781144684490,Wayfinding_S,None,Wayfinding_S
1815738,63781144684501,Wayfinding_S,None,Wayfinding_S
1815755,63781144684513,Wayfinding_S,None,Wayfinding_S
1815763,63781144684523,Wayfinding_S,None,Wayfinding_S
1815771,63781144684535,Wayfinding_S,None,None
1815788,63781144684546,Wayfinding_S,None,None
1815796,63781144684557,Wayfinding_S,None,None
1815805,63781144684568,Wayfinding_S,None,None
1815821,63781144684579,Wayfinding_S,Wayfinding_S,Wayfinding_S
1815830,63781144684590,Wayfinding_S,Wayfinding_S,Wayfinding_S
1815838,63781144684601,Wayfinding_S,Wayfinding_S,Wayfinding_S
1815855,63781144684612,Notruf_nach-links,Wayfinding_S,Wayfinding_S
1815863,63781144684623,Notruf_nach-links,Wayfinding_S,Wayfinding_S
1815871,63781144684635,Notruf_nach-links,Wayfinding_S,Wayfinding_S
1815888,63781144684646,Notruf_nach-links,Wayfinding_S,Wayfinding_S
1815896,63781144684657,Notruf_nach-links,Wayfinding_S,Wayfinding_S
1815905,63781144684668,Notruf_nach-links,Wayfinding_S,Wayfinding_S
1815921,63781144684679,Notruf_nach-links,Wayfinding_S,Wayfinding_S
1815930,63781144684690,Notruf_nach-links,None,Notruf_nach-links
1815938,63781144684701,Notruf_nach-links,None,Notruf_nach-links
1815955,63781144684712,Notruf_nach-links,None,Notruf_nach-links
1815963,63781144684723,None,None,None
1815971,63781144684734,None,None,None
1815988,63781144684746,None,None,None
1815996,63781144684757,None,None,None
1816005,63781144684768,None,None,None
1816021,63781144684779,None,None,None
1816030,63781144684790,None,None,None
1816038,63781144684801,None,None,None
1816055,63781144684812,None,None,None
1816063,63781144684823,None,None,None
1816071,63781144684834,None,None,None
1816088,63781144684845,None,None,None
1816096,63781144684857,None,None,None
1816105,63781144684868,None,None,None
1816121,63781144684879,None,None,None
1816130,63781144684890,None,None,None
1816138,63781144684901,None,None,None
1816155,63781144684912,None,None,None
1816163,63781144684923,None,None,None
1816171,63781144684934,None,None,None
1816188,63781144684946,None,None,None
1816196,63781144684956,None,None,None
1816205,63781144684968,None,None,None
1816221,63781144684979,None,None,None
1816230,63781144684990,None,None,None
1816238,63781144685001,None,None,None
1816255,63781144685012,None,None,None
1816263,63781144685023,None,None,None
1816271,63781144685034,None,None,None
1816288,63781144685045,None,None,None
1816296,63781144685056,None,None,None
1816305,63781144685067,None,None,None
1816321,63781144685079,None,None,None
1816330,63781144685090,None,None,None
1816338,63781144685101,None,None,None
1816355,63781144685112,None,None,None
1816363,63781144685123,None,None,None
1816371,63781144685134,None,None,None
1816388,63781144685146,None,None,None
1816396,63781144685156,None,None,None
1816405,63781144685168,None,None,None
1816421,63781144685178,None,None,None
1816430,63781144685189,None,None,None
1816446,63781144685202,None,None,None
1816455,63781144685212,None,None,None
1816463,63781144685223,None,None,None
1816471,63781144685234,None,None,None
1816488,63781144685245,None,None,None
1816496,63781144685256,None,None,None
1816513,63781144685274,None,None,None
1816521,63781144685280,None,None,None
1816530,63781144685290,None,None,None
1816546,63781144685301,None,None,None
1816555,63781144685312,None,None,None
1816563,63781144685323,None,None,None
1816580,63781144685335,None,None,None
1816588,63781144685346,None,None,None
1816596,63781144685356,None,None,None
1816613,63781144685368,None,None,None
1816621,63781144685379,None,None,None
1816630,63781144685390,None,None,None
1816638,63781144685401,None,None,None
1816655,63781144685412,None,None,None
1816663,63781144685423,None,None,None
1816671,63781144685434,None,None,None
1816688,63781144685446,None,None,None
1816696,63781144685457,None,None,None
1816705,63781144685467,None,None,None
1816721,63781144685482,None,None,None
1816730,63781144685490,None,None,None
1816746,63781144685501,None,None,None
1816755,63781144685512,None,None,None
1816763,63781144685523,None,None,None
1816780,63781144685534,None,None,None
1816788,63781144685546,None,None,None
1816796,63781144685556,None,None,None
1816805,63781144685568,None,None,None
1816821,63781144685579,None,None,None
1816830,63781144685590,None,None,None
1816838,63781144685600,None,None,None
1816855,63781144685612,None,None,None
1816863,63781144685623,None,None,None
1816871,63781144685634,None,None,None
1816888,63781144685645,None,None,None
1816896,63781144685656,None,None,None
1816904,63781144685667,None,None,None
1816921,63781144685678,None,None,None
1816929,63781144685690,None,None,None
1816938,63781144685701,None,None,None
1816954,63781144685712,None,None,None
1816963,63781144685723,None,None,None
1816971,63781144685734,None,None,None
1816988,63781144685745,None,None,None
1816996,63781144685756,None,None,None
1817004,63781144685767,None,None,None
1817021,63781144685778,None,None,None
1817029,63781144685789,None,None,None
1817038,63781144685801,None,None,None
1817054,63781144685812,None,None,None
1817063,63781144685823,None,None,None
1817071,63781144685834,None,None,None
1817088,63781144685845,None,None,None
1817096,63781144685856,None,None,None
1817104,63781144685867,None,None,None
1817121,63781144685879,None,None,None
1817129,63781144685890,None,None,None
1817138,63781144685900,None,None,None
1817154,63781144685911,None,None,None
1817163,63781144685923,None,None,None
1817171,63781144685934,None,None,None
1817188,63781144685945,None,None,None
1817196,63781144685956,None,None,None
1817204,63781144685967,None,None,None
1817221,63781144685978,None,None,None
1817229,63781144685989,None,None,None
1817246,63781144686001,None,None,None
1817254,63781144686012,None,None,None
1817263,63781144686023,None,None,None
1817279,63781144686034,None,None,None
1817288,63781144686045,None,None,None
1817296,63781144686056,None,None,None
1817304,63781144686068,None,None,None
1817321,63781144686079,None,None,None
1817329,63781144686089,None,None,None
1817338,63781144686100,None,None,None
1817354,63781144686111,None,None,None
1817363,63781144686122,None,None,None
1817371,63781144686134,None,None,None
1817388,63781144686145,None,None,None
1817396,63781144686156,None,None,None
1817404,63781144686167,None,None,None
1817421,63781144686178,None,None,None
1817429,63781144686189,None,None,None
1817438,63781144686200,None,None,None
1817454,63781144686212,None,None,None
1817471,63781144686227,None,None,None
1817479,63781144686234,None,None,None
1817479,63781144686242,None,None,None
1817496,63781144686253,None,None,None
1817504,63781144686264,None,None,None
1817513,63781144686275,None,None,None
1817529,63781144686286,None,None,None
1817538,63781144686298,None,None,None
1817546,63781144686308,None,None,None
1817563,63781144686320,None,None,None
1817571,63781144686331,None,None,None
1817579,63781144686342,None,None,None
1817596,63781144686353,None,None,None
1817604,63781144686364,None,None,None
1817613,63781144686375,None,None,None
1817629,63781144686387,None,None,None
1817638,63781144686397,None,None,None
1817646,63781144686408,None,None,None
1817663,63781144686420,None,None,None
1817671,63781144686431,None,None,None
1817679,63781144686442,None,None,None
1817696,63781144686453,None,Wayfinding_S,None
1817704,63781144686464,None,Wayfinding_S,Wayfinding_S
1817713,63781144686475,None,None,None
1817729,63781144686486,None,None,None
1817738,63781144686497,None,None,None
1817746,63781144686508,None,None,None
1817763,63781144686519,None,Wayfinding_S,None
1817771,63781144686531,None,Wayfinding_S,Wayfinding_S
1817779,63781144686542,None,Wayfinding_S,None
1817796,63781144686553,None,Wayfinding_S,None
1817804,63781144686564,None,Wayfinding_S,None
1817813,63781144686576,None,Wayfinding_S,Wayfinding_S
1817829,63781144686586,None,Wayfinding_S,None
1817838,63781144686597,None,Wayfinding_S,None
1817846,63781144686609,None,Wayfinding_S,None
1817863,63781144686620,None,Wayfinding_S,None
1817871,63781144686632,None,Wayfinding_S,Wayfinding_S
1817888,63781144686643,Wayfinding_S,Wayfinding_S,Wayfinding_S
1817896,63781144686654,Wayfinding_S,Wayfinding_S,Wayfinding_S
1817904,63781144686665,Wayfinding_S,Wayfinding_S,Wayfinding_S
1817921,63781144686676,None,Wayfinding_S,None
1817929,63781144686688,None,Wayfinding_S,None
1817938,63781144686700,None,Wayfinding_S,Wayfinding_S
1817954,63781144686710,None,Wayfinding_S,Wayfinding_S
1817963,63781144686722,None,Wayfinding_S,Wayfinding_S
1817971,63781144686733,None,Wayfinding_S,Wayfinding_S
1817988,63781144686744,None,Wayfinding_S,Wayfinding_S
1817996,63781144686755,None,Wayfinding_S,Wayfinding_S
1818004,63781144686767,None,Wayfinding_S,Wayfinding_S
1818021,63781144686778,None,Wayfinding_S,Wayfinding_S
1818029,63781144686789,None,Wayfinding_S,Wayfinding_S
1818038,63781144686800,None,Wayfinding_S,Wayfinding_S
1818054,63781144686811,None,Wayfinding_S,Wayfinding_S
1818063,63781144686822,None,Wayfinding_S,Wayfinding_S
1818071,63781144686833,None,Wayfinding_S,Wayfinding_S
1818088,63781144686845,None,Wayfinding_S,Wayfinding_S
1818096,63781144686856,None,Wayfinding_S,Wayfinding_S
1818104,63781144686866,None,Wayfinding_S,Wayfinding_S
1818121,63781144686878,None,Wayfinding_S,Wayfinding_S
1818129,63781144686888,None,Wayfinding_S,Wayfinding_S
1818138,63781144686900,None,Wayfinding_S,Wayfinding_S
1818154,63781144686911,None,Wayfinding_S,Wayfinding_S
1818163,63781144686923,None,Wayfinding_S,None
1818171,63781144686933,None,Wayfinding_S,None
1818188,63781144686944,None,None,Wayfinding_S
1818196,63781144686955,None,None,Wayfinding_S
1818204,63781144686967,None,None,Wayfinding_S
1818221,63781144686978,None,None,Wayfinding_S
1818229,63781144686989,None,None,Wayfinding_S
1818246,63781144687001,None,None,None
1818254,63781144687011,None,None,Wayfinding_S
1818263,63781144687023,None,None,Wayfinding_S
1818271,63781144687033,None,None,Wayfinding_S
1818288,63781144687044,None,None,Wayfinding_S
1818296,63781144687056,None,None,Wayfinding_S
1818304,63781144687067,None,None,Wayfinding_S
1818321,63781144687077,None,None,Wayfinding_S
1818329,63781144687089,None,None,Wayfinding_S
1818338,63781144687100,None,None,Wayfinding_S
1818354,63781144687111,None,None,Wayfinding_S
1818363,63781144687122,None,None,Wayfinding_S
1818371,63781144687133,None,None,Wayfinding_S
1818388,63781144687144,None,None,Wayfinding_S
1818396,63781144687155,None,None,Wayfinding_S
1818404,63781144687167,None,None,Wayfinding_S
1818421,63781144687178,None,None,Wayfinding_S
1818429,63781144687189,None,None,Wayfinding_S
1818438,63781144687200,None,None,Wayfinding_S
1818454,63781144687211,None,None,Wayfinding_S
1818463,63781144687222,None,None,Wayfinding_S
1818471,63781144687233,None,None,Wayfinding_S
1818488,63781144687244,None,Mittelteil,None
1818496,63781144687255,Wayfinding_S,Mittelteil,Mittelteil
1818504,63781144687267,Wayfinding_S,None,Wayfinding_S
1818521,63781144687278,None,None,None
1818529,63781144687289,None,None,None
1818538,63781144687300,None,None,None
1818554,63781144687311,None,None,None
1818563,63781144687322,None,None,None
1818571,63781144687333,None,None,None
1818588,63781144687344,None,None,None
1818596,63781144687355,None,None,None
1818604,63781144687366,None,None,None
1818621,63781144687377,None,None,None
1818629,63781144687389,None,None,None
1818638,63781144687400,None,None,None
1818654,63781144687411,None,None,None
1818663,63781144687422,None,None,None
1818671,63781144687433,None,None,None
1818688,63781144687444,None,None,None
1818696,63781144687455,None,None,None
1818704,63781144687466,None,None,None
1818721,63781144687478,None,None,None
1818729,63781144687488,None,None,None
1818738,63781144687500,None,None,None
1818754,63781144687511,None,None,None
1818763,63781144687522,None,None,None
1818771,63781144687533,None,None,None
1818788,63781144687544,None,None,None
1818796,63781144687555,None,None,None
1818804,63781144687566,None,None,None
1818821,63781144687577,None,None,None
1818829,63781144687588,None,None,None
1818838,63781144687599,None,None,None
1818854,63781144687611,None,None,None
1818863,63781144687622,None,None,None
1818871,63781144687633,None,None,None
1818888,63781144687644,None,None,None
1818896,63781144687655,None,None,None
1818904,63781144687666,None,None,None
1818921,63781144687678,None,None,None
1818929,63781144687688,None,None,None
1818938,63781144687699,None,None,None
1818954,63781144687711,None,None,None
1818963,63781144687722,None,None,None
1818971,63781144687733,None,None,None
1818988,63781144687744,None,None,None
1818996,63781144687755,None,None,None
1819004,63781144687766,None,None,None
1819021,63781144687777,None,None,None
1819029,63781144687788,None,None,None
1819038,63781144687799,None,None,None
1819054,63781144687811,None,None,None
1819063,63781144687822,None,None,None
1819071,63781144687833,None,None,None
1819088,63781144687844,None,None,None
1819096,63781144687855,None,None,None
1819104,63781144687866,None,None,None
1819121,63781144687877,None,None,None
1819129,63781144687888,None,None,None
1819138,63781144687899,None,None,None
1819154,63781144687910,None,None,None
1819163,63781144687921,None,None,None
1819171,63781144687933,None,None,None
1819188,63781144687945,None,None,None
1819196,63781144687955,None,None,None
1819204,63781144687966,None,None,None
1819221,63781144687977,None,None,None
1819229,63781144687988,None,None,None
1819238,63781144687999,None,None,None
1819254,63781144688010,None,None,None
1819263,63781144688021,None,None,None
1819271,63781144688033,None,Notruf_nach-links,Notruf_nach-links
1819288,63781144688044,None,Notruf_nach-links,None
1819296,63781144688055,None,Notruf_nach-links,None
1819304,63781144688066,None,Notruf_nach-links,Notruf_nach-links
1819321,63781144688078,None,Notruf_nach-links,Notruf_nach-links
1819329,63781144688088,None,Notruf_nach-links,Notruf_nach-links
1819338,63781144688101,None,Notruf_nach-links,Notruf_nach-links
1819354,63781144688111,None,Notruf_nach-links,Notruf_nach-links
1819363,63781144688123,None,Notruf_nach-links,Notruf_nach-links
1819371,63781144688133,None,Notruf_nach-links,Notruf_nach-links
1819388,63781144688145,None,Notruf_nach-links,Notruf_nach-links
1819396,63781144688156,None,Notruf_nach-links,Notruf_nach-links
1819404,63781144688167,None,Notruf_nach-links,Notruf_nach-links
1819421,63781144688178,None,Notruf_nach-links,Notruf_nach-links
1819429,63781144688189,Notruf_nach-links,Notruf_nach-links,Notruf_nach-links
1819438,63781144688200,None,Notruf_nach-links,Notruf_nach-links
1819454,63781144688211,Notruf_nach-links,Notruf_nach-links,Notruf_nach-links
1819462,63781144688222,Notruf_nach-links,Notruf_nach-links,Notruf_nach-links
1819471,63781144688234,Notruf_nach-links,Notruf_nach-links,Notruf_nach-links
1819487,63781144688245,Notruf_nach-links,None,Notruf_nach-links
1819496,63781144688256,Notruf_nach-links,None,Notruf_nach-links
1819504,63781144688267,Notruf_nach-links,None,Notruf_nach-links
1819521,63781144688278,None,Notruf_nach-links,None
1819529,63781144688289,None,None,None
1819537,63781144688301,None,None,None
1819554,63781144688311,None,None,None
1819562,63781144688323,None,None,None
1819571,63781144688334,None,None,None
1819587,63781144688345,None,None,None
1819596,63781144688355,None,None,None
1819604,63781144688367,None,None,None
1819621,63781144688378,None,None,None
1819629,63781144688389,None,None,None
1819637,63781144688400,None,None,None
1819654,63781144688411,None,None,None
1819662,63781144688422,None,None,None
1819671,63781144688433,None,None,None
1819687,63781144688445,None,None,None
1819696,63781144688456,None,None,None
1819704,63781144688467,None,None,None
1819721,63781144688478,None,None,None
1819729,63781144688489,None,None,None
1819737,63781144688500,None,None,None
1819754,63781144688511,None,None,None
1819762,63781144688522,None,None,None
1819771,63781144688533,None,None,None
1819787,63781144688544,None,None,None
1819796,63781144688555,None,None,None
1819804,63781144688567,None,None,None
1819821,63781144688578,None,None,None
1819829,63781144688589,None,None,None
1819837,63781144688600,None,None,None
1819854,63781144688611,None,None,None
1819862,63781144688623,None,None,None
1819871,63781144688633,None,None,None
1819887,63781144688645,None,None,None
1819896,63781144688655,None,None,None
1819904,63781144688666,None,None,None
1819921,63781144688677,None,None,None
1819929,63781144688688,None,None,None
1819937,63781144688700,None,None,None
1819954,63781144688711,None,None,None
1819962,63781144688722,None,None,None
1819971,63781144688733,None,None,None
1819987,63781144688744,None,None,None
1819996,63781144688755,None,None,None
1820004,63781144688766,None,None,None
1820021,63781144688777,None,None,None
1820029,63781144688789,None,None,None
1820037,63781144688800,None,None,None
1820054,63781144688811,None,None,None
1820062,63781144688822,None,None,None
1820071,63781144688833,None,None,None
1820087,63781144688844,None,None,None
1820096,63781144688855,None,None,None
1820104,63781144688866,None,None,None
1820121,63781144688878,None,None,None
1820129,63781144688888,None,None,None
1820137,63781144688900,None,None,None
1820154,63781144688911,None,None,None
1820162,63781144688922,None,None,None
1820171,63781144688933,None,None,None
1820187,63781144688944,None,None,None
1820196,63781144688955,None,None,None
1820204,63781144688966,None,None,None
1820221,63781144688977,None,None,None
1820229,63781144688989,None,None,None
1820237,63781144689000,None,None,None
1820254,63781144689011,None,None,None
1820262,63781144689022,None,None,None
1820271,63781144689033,None,None,None
1820287,63781144689044,None,None,None
1820296,63781144689055,None,None,None
1820304,63781144689066,None,None,None
1820321,63781144689077,None,None,None
1820329,63781144689088,None,None,None
1820337,63781144689100,None,None,None
1820354,63781144689111,None,None,None
1820362,63781144689122,None,None,None
1820371,63781144689133,None,None,None
1820387,63781144689144,None,None,None
1820396,63781144689155,None,None,None
1820404,63781144689166,None,None,None
1820421,63781144689177,None,None,None
1820429,63781144689189,None,None,None
1820437,63781144689199,None,None,None
1820454,63781144689211,None,None,None
1820462,63781144689222,None,None,None
1820470,63781144689233,None,None,None
1820487,63781144689244,None,None,None
1820495,63781144689255,None,None,None
1820504,63781144689266,None,None,None
1820520,63781144689277,None,None,None
1820529,63781144689288,None,None,None
1820537,63781144689299,None,None,None
1820554,63781144689310,None,None,None
1820562,63781144689322,None,None,None
1820570,63781144689334,None,None,None
1820587,63781144689344,None,None,None
1820595,63781144689355,None,None,None
1820604,63781144689366,None,None,None
1820620,63781144689378,None,None,None
1820629,63781144689388,None,None,None
1820637,63781144689399,None,None,None
1820654,63781144689410,None,None,None
1820662,63781144689422,None,None,None
1820670,63781144689433,None,None,None
1820687,63781144689444,None,None,None
1820695,63781144689455,None,None,None
1820704,63781144689466,None,None,None
1820720,63781144689477,None,None,None
1820729,63781144689488,None,None,None
1820737,63781144689500,None,None,None
1820754,63781144689510,None,None,None
1820762,63781144689521,None,None,None
1820770,63781144689533,None,None,None
1820787,63781144689544,None,None,None
1820795,63781144689555,None,None,None
1820804,63781144689566,None,None,None
1820820,63781144689577,None,None,None
1820829,63781144689588,None,None,None
1820837,63781144689599,None,None,None
1820854,63781144689610,None,None,None
1820862,63781144689621,None,None,None
1820870,63781144689633,None,None,None
1820887,63781144689644,None,None,None
1820895,63781144689655,None,None,None
1820904,63781144689666,None,None,None
1820920,63781144689678,None,None,None
1820929,63781144689688,None,None,None
1820937,63781144689699,None,None,None
1820954,63781144689710,None,None,None
1820962,63781144689721,None,None,None
1820979,63781144689738,None,None,None
1820987,63781144689744,None,None,None
1820995,63781144689751,None,None,None
1821004,63781144689762,None,None,None
1821012,63781144689773,None,None,None
1821029,63781144689785,None,None,None
1821037,63781144689795,None,None,None
1821045,63781144689807,None,None,None
1821062,63781144689818,None,None,None
1821070,63781144689829,None,None,None
1821079,63781144689840,None,None,None
1821095,63781144689851,None,None,None
1821104,63781144689862,None,None,None
1821112,63781144689873,None,None,None
1821129,63781144689885,None,None,None
1821137,63781144689895,None,None,None
1821145,63781144689907,None,None,None
1821162,63781144689918,None,None,None
1821170,63781144689929,None,None,None
1821179,63781144689940,None,None,None
1821195,63781144689951,None,None,None
1821204,63781144689962,None,None,None
1821212,63781144689973,None,None,None
1821229,63781144689984,None,None,None
1821237,63781144689996,None,None,None
1821245,63781144690006,None,None,None
1821262,63781144690018,None,None,None
1821270,63781144690028,None,None,None
1821279,63781144690040,None,None,None
1821295,63781144690051,None,None,None
1821304,63781144690062,None,None,None
1821312,63781144690073,None,None,None
1821329,63781144690085,None,None,None
1821337,63781144690096,None,None,None
1821345,63781144690107,None,None,None
1821362,63781144690118,None,None,None
1821370,63781144690129,None,None,None
1821379,63781144690141,None,None,None
1821395,63781144690152,None,None,None
1821404,63781144690164,None,None,None
1821412,63781144690175,None,None,None
1821429,63781144690186,None,None,None
1821437,63781144690198,None,None,None
1821454,63781144690209,None,None,None
1821462,63781144690220,None,None,None
1821470,63781144690232,None,None,None
1821487,63781144690243,None,None,None
1821495,63781144690254,None,None,None
1821504,63781144690265,None,None,None
1821520,63781144690277,None,None,None
1821529,63781144690288,None,None,None
1821537,63781144690299,None,None,None
1821554,63781144690310,None,None,None
1821562,63781144690321,None,None,None
1821570,63781144690332,None,None,None
1821587,63781144690344,None,None,None
1821595,63781144690355,None,None,None
1821604,63781144690366,None,None,None
1821620,63781144690377,None,None,None
1821629,63781144690388,None,None,None
1821637,63781144690399,None,None,None
1821654,63781144690410,None,None,None
1821662,63781144690422,None,None,None
1821679,63781144690433,None,None,None
1821687,63781144690444,None,None,None
1821695,63781144690455,None,None,None
1821712,63781144690467,None,None,None
1821720,63781144690477,None,None,None
1821729,63781144690488,None,None,None
1821737,63781144690500,None,None,None
1821754,63781144690511,None,None,None
1821762,63781144690522,None,None,None
1821770,63781144690533,None,None,None
1821787,63781144690544,None,None,None
1821795,63781144690555,None,None,None
1821804,63781144690566,None,None,None
1821820,63781144690577,None,None,None
1821829,63781144690589,None,None,None
1821837,63781144690600,None,None,None
1821854,63781144690611,None,None,None
1821862,63781144690622,None,None,None
1821879,63781144690633,None,None,None
1821887,63781144690644,None,None,None
1821895,63781144690656,None,None,None
1821912,63781144690667,None,None,None
1821920,63781144690677,None,None,None
1821929,63781144690689,None,None,None
1821937,63781144690700,None,None,None
1821954,63781144690711,None,None,None
1821962,63781144690722,None,None,None
1821979,63781144690733,None,None,None
1821987,63781144690744,None,None,None
1821995,63781144690754,None,None,None
1822012,63781144690767,None,None,None
1822020,63781144690777,None,None,None
1822029,63781144690788,None,None,None
1822037,63781144690799,None,None,None
1822054,63781144690810,None,None,None
1822062,63781144690821,None,None,None
1822070,63781144690832,None,None,None
1822087,63781144690843,None,None,None
1822095,63781144690855,None,None,None
1822112,63781144690866,None,None,None
1822120,63781144690877,None,None,None
1822128,63781144690888,None,None,None
1822137,63781144690899,None,None,None
1822153,63781144690910,None,None,None
1822162,63781144690921,None,None,None
1822170,63781144690933,None,None,None
1822187,63781144690943,None,None,None
1822195,63781144690955,None,None,None
1822203,63781144690965,None,None,None
1822220,63781144690976,None,None,None
1822228,63781144690988,None,None,None
1822237,63781144690999,None,None,None
1822253,63781144691010,None,None,None
1822262,63781144691021,None,None,None
1822270,63781144691032,None,None,None
1822287,63781144691043,None,None,None
1822295,63781144691055,None,None,None
1822303,63781144691066,None,None,None
1822320,63781144691076,None,None,None
1822328,63781144691088,None,None,None
1822337,63781144691098,None,None,None
1822353,63781144691109,None,None,None
1822362,63781144691120,None,None,None
1822370,63781144691131,None,None,None
1822387,63781144691142,None,None,None
1822395,63781144691154,None,None,None
1822403,63781144691165,None,None,None
1822420,63781144691176,None,None,None
1822428,63781144691187,None,None,None
1822437,63781144691198,None,None,None
1822453,63781144691209,None,None,None
1822462,63781144691220,None,None,None
1822470,63781144691231,None,None,None
1822487,63781144691243,None,None,None
1822495,63781144691253,None,None,None
1822503,63781144691265,None,None,None
1822520,63781144691275,None,None,None
1822528,63781144691287,None,99_Bahnsteig_PF,None
1822537,63781144691298,None,99_Bahnsteig_PF,99_Bahnsteig_PF
1822553,63781144691309,None,None,None
1822562,63781144691320,None,None,None
1822570,63781144691331,None,None,None
1822587,63781144691342,None,None,None
1822595,63781144691353,None,None,None
1822603,63781144691365,None,99_Bahnsteig_PF,None
1822620,63781144691375,None,None,None
1822628,63781144691387,None,None,None
1822637,63781144691398,None,None,None
1822653,63781144691409,None,None,None
1822662,63781144691420,None,None,None
1822670,63781144691431,None,None,None
1822687,63781144691442,None,None,None
1822695,63781144691453,None,None,None
1822703,63781144691464,None,None,None
1822720,63781144691475,None,None,None
1822728,63781144691487,None,None,None
1822737,63781144691498,None,None,None
1822753,63781144691509,None,None,None
1822762,63781144691520,None,None,None
1822770,63781144691532,None,None,None
1822787,63781144691543,None,None,None
1822795,63781144691554,None,99_Bahnsteig_PF,None
1822803,63781144691565,None,99_Bahnsteig_PF,None
1822820,63781144691576,None,None,None
1822828,63781144691587,None,None,None
1822837,63781144691599,None,None,None
1822853,63781144691609,None,None,None
1822862,63781144691620,None,None,None
1822870,63781144691632,None,None,None
1822887,63781144691643,None,None,None
1822895,63781144691654,None,None,None
1822903,63781144691665,None,None,None
1822920,63781144691676,None,None,None
1822928,63781144691687,None,None,None
1822937,63781144691698,None,None,None
1822953,63781144691710,None,None,None
1822962,63781144691720,None,None,None
1822970,63781144691732,None,None,None
1822987,63781144691744,None,None,None
1822995,63781144691754,None,None,None
1823003,63781144691765,None,None,None
1823020,63781144691776,None,None,None
1823028,63781144691787,None,None,None
1823037,63781144691799,None,None,None
1823053,63781144691809,None,None,None
1823062,63781144691820,None,None,None
1823070,63781144691832,None,None,None
1823087,63781144691843,None,None,None
1823095,63781144691854,None,None,None
1823103,63781144691865,None,None,None
1823120,63781144691876,None,None,None
1823128,63781144691887,None,None,None
1823137,63781144691898,None,None,None
1823153,63781144691909,None,None,None
1823162,63781144691921,None,None,None
1823170,63781144691932,None,None,None
1823187,63781144691943,Cube (1),Cube (1),Cube (1)
1823195,63781144691954,Cube (1),Cube (1),Cube (1)
1823203,63781144691965,Cube (1),Cube (1),Cube (1)
1823220,63781144691976,Cube (1),Cube (1),Cube (1)
1823228,63781144691988,Cube (1),Cube (1),Cube (1)
1823237,63781144691998,Cube (1),Cube (1),Cube (1)
1823253,63781144692009,Cube (1),Cube (1),Cube (1)
1823262,63781144692020,Cube (1),Cube (1),Cube (1)
1823270,63781144692032,Cube (1),Cube (1),Cube (1)
1823287,63781144692043,Cube (1),Cube (1),Cube (1)
1823295,63781144692053,Cube (1),Cube (1),Cube (1)
1823303,63781144692065,Cube (1),Cube (1),Cube (1)
1823320,63781144692076,Cube (1),Cube (1),Cube (1)
1823328,63781144692088,Cube (1),Cube (1),Cube (1)
1823337,63781144692098,Cube (1),Cube (1),Cube (1)
1823353,63781144692109,Cube (1),Cube (1),Cube (1)
1823362,63781144692121,Cube (1),Cube (1),Cube (1)
1823370,63781144692132,Cube (1),Cube (1),Cube (1)
1823387,63781144692143,Cube (1),Cube (1),Cube (1)
1823395,63781144692154,Cube (1),Cube (1),Cube (1)
1823403,63781144692165,Cube (1),Cube (1),Cube (1)
1823420,63781144692176,Cube (1),Cube (1),Cube (1)
1823428,63781144692187,Cube (1),Cube (1),Cube (1)
1823437,63781144692198,Cube (1),Cube (1),Cube (1)
1823453,63781144692209,None,Cube (1),Cube (1)
1823462,63781144692221,Cube (1),Cube (1),Cube (1)
1823470,63781144692231,Cube (1),Cube (1),Cube (1)
1823487,63781144692243,4_GroßeTreppe_Stairs,Cube (1),4_GroßeTreppe_StairsBottom
1823495,63781144692254,4_GroßeTreppe_RailingCover,99_Bahnsteig_PF,4_GroßeTreppe_Stairs
1823503,63781144692265,4_GroßeTreppe_Handrails,4_GroßeTreppe_Stairs,4_GroßeTreppe_RailingCover
1823520,63781144692276,4_GroßeTreppe_Handrails,3_Rolltreppe_PF (2),3_Rolltreppe_PF (2)
1823528,63781144692287,4_GroßeTreppe_RailingCover,3_Rolltreppe_PF (2),3_Rolltreppe_PF (2)
1823537,63781144692298,4_GroßeTreppe_RailingCover,3_Rolltreppe_PF (2),3_Rolltreppe_PF (2)
1823553,63781144692309,4_GroßeTreppe_RailingCover,3_Rolltreppe_PF (2),3_Rolltreppe_PF (2)
1823562,63781144692320,4_GroßeTreppe_RailingCover,3_Rolltreppe_PF (2),3_Rolltreppe_PF (2)
1823570,63781144692332,4_GroßeTreppe_RailingCover,3_Rolltreppe_PF (2),3_Rolltreppe_PF (2)
1823587,63781144692343,4_GroßeTreppe_RailingCover,3_Rolltreppe_PF (2),3_Rolltreppe_PF (2)
1823595,63781144692354,4_GroßeTreppe_Handrails,3_Rolltreppe_PF (2),3_Rolltreppe_PF (2)
1823603,63781144692365,4_GroßeTreppe_Handrails,3_Rolltreppe_PF (2),3_Rolltreppe_PF (2)
1823620,63781144692376,4_GroßeTreppe_Stairs,3_Rolltreppe_PF (2),3_Rolltreppe_PF (2)
1823628,63781144692387,4_GroßeTreppe_StairsBottom,3_Rolltreppe_PF (2),3_Rolltreppe_PF (2)
1823636,63781144692398,4_GroßeTreppe_Stairs,3_Rolltreppe_PF (2),3_Rolltreppe_PF (2)
1823653,63781144692409,Cube (1),Cube (1),Cube (1)
1823661,63781144692420,None,Cube (1),None
1823670,63781144692432,None,None,None
1823686,63781144692442,None,None,None
1823695,63781144692454,None,None,None
1823703,63781144692465,None,None,None
1823720,63781144692475,None,None,None
1823728,63781144692486,None,None,None
1823736,63781144692497,None,None,None
1823753,63781144692509,None,None,None
1823761,63781144692519,None,None,None
1823770,63781144692532,None,None,None
1823786,63781144692543,None,None,None
1823795,63781144692555,None,None,None
1823803,63781144692566,None,None,None
1823820,63781144692577,None,None,None
1823828,63781144692587,None,None,None
1823836,63781144692598,None,None,None
1823853,63781144692610,None,None,None
1823861,63781144692621,None,None,None
1823870,63781144692632,None,None,None
1823886,63781144692643,None,None,None
1823895,63781144692654,None,None,None
1823903,63781144692666,None,None,None
1823920,63781144692676,None,None,None
1823928,63781144692688,None,None,None
1823936,63781144692699,None,None,None
1823953,63781144692710,None,None,None
1823961,63781144692721,None,None,None
1823970,63781144692733,None,None,None
1823986,63781144692743,None,None,None
1823995,63781144692754,None,None,None
1824003,63781144692766,None,None,None
1824020,63781144692777,None,None,None
1824028,63781144692788,None,None,None
1824036,63781144692799,Cube (1),Cube (1),Cube (1)
1824053,63781144692810,Cube (1),Cube (1),Cube (1)
1824061,63781144692821,Cube (1),Cube (1),Cube (1)
1824070,63781144692832,Cube (1),Cube (1),Cube (1)
1824086,63781144692843,Cube (1),Cube (1),Cube (1)
1824095,63781144692854,Cube (1),Cube (1),Cube (1)
1824103,63781144692866,Cube (1),Cube (1),Cube (1)
1824120,63781144692876,Cube (1),Cube (1),Cube (1)
1824128,63781144692888,Cube (1),Cube (1),Cube (1)
1824136,63781144692899,Cube (1),Cube (1),Cube (1)
1824153,63781144692910,Cube (1),Cube (1),Cube (1)
1824161,63781144692921,Cube (1),Cube (1),Cube (1)
1824170,63781144692933,Cube (1),Cube (1),Cube (1)
1824186,63781144692943,Cube (1),Cube (1),Cube (1)
1824195,63781144692954,Cube (1),Cube (1),Cube (1)
1824203,63781144692965,Cube (1),Cube (1),Cube (1)
1824220,63781144692976,Cube (1),Cube (1),Cube (1)
1824228,63781144692988,Cube (1),Cube (1),Cube (1)
1824236,63781144692999,Cube (1),Cube (1),Cube (1)
1824253,63781144693010,Cube (1),Cube (1),Cube (1)
1824261,63781144693021,Cube (1),Cube (1),Cube (1)
1824270,63781144693032,Cube (1),Cube (1),Cube (1)
1824286,63781144693043,Cube (1),Cube (1),Cube (1)
1824295,63781144693054,Cube (1),Cube (1),Cube (1)
1824303,63781144693065,Cube (1),Cube (1),Cube (1)
1824320,63781144693077,Cube (1),Cube (1),Cube (1)
1824328,63781144693088,Cube (1),Cube (1),Cube (1)
1824336,63781144693099,Cube (1),Cube (1),Cube (1)
1824353,63781144693110,Cube (1),Cube (1),Cube (1)
1824361,63781144693122,Cube (1),Cube (1),Cube (1)
1824370,63781144693132,Cube (1),Cube (1),Cube (1)
1824386,63781144693143,Cube (1),Cube (1),Cube (1)
1824395,63781144693154,Cube (1),Cube (1),Cube (1)
1824403,63781144693165,Cube (1),Cube (1),Cube (1)
1824420,63781144693176,Cube (1),Cube (1),Cube (1)
1824428,63781144693187,Cube (1),Cube (1),Cube (1)
1824436,63781144693198,Cube (1),Cube (1),Cube (1)
1824453,63781144693209,Cube (1),Cube (1),Cube (1)
1824461,63781144693220,Cube (1),Cube (1),Cube (1)
1824470,63781144693232,Cube (1),Cube (1),Cube (1)
1824486,63781144693243,Cube (1),Cube (1),Cube (1)
1824495,63781144693254,Cube (1),Cube (1),Cube (1)
1824503,63781144693265,Cube (1),Cube (1),Cube (1)
1824520,63781144693276,Cube (1),Cube (1),Cube (1)
1824536,63781144693294,Cube (1),Cube (1),Cube (1)
1824545,63781144693302,Cube (1),Cube (1),Cube (1)
1824553,63781144693309,Cube (1),Cube (1),Cube (1)
1824561,63781144693317,Cube (1),Cube (1),Cube (1)
1824570,63781144693328,Cube (1),Cube (1),Cube (1)
1824578,63781144693340,Cube (1),Cube (1),Cube (1)
1824595,63781144693351,Cube (1),Cube (1),Cube (1)
1824603,63781144693362,Cube (1),Cube (1),Cube (1)
1824611,63781144693373,Cube (1),Cube (1),Cube (1)
1824628,63781144693384,Cube (1),Cube (1),Cube (1)
1824636,63781144693395,Cube (1),Cube (1),Cube (1)
1824645,63781144693406,None,Cube (1),Cube (1)
1824661,63781144693417,None,Cube (1),Cube (1)
1824670,63781144693428,None,Cube (1),Cube (1)
1824678,63781144693439,None,Cube (1),Cube (1)
1824695,63781144693450,None,Cube (1),Cube (1)
1824703,63781144693462,None,Cube (1),Cube (1)
1824711,63781144693472,None,Cube (1),Cube (1)
1824728,63781144693484,None,Cube (1),Cube (1)
1824736,63781144693495,None,Cube (1),Cube (1)
1824745,63781144693506,None,Cube (1),Cube (1)
1824761,63781144693517,None,Cube (1),Cube (1)
1824770,63781144693529,None,Cube (1),Cube (1)
1824778,63781144693540,None,Cube (1),Cube (1)
1824795,63781144693550,None,Cube (1),Cube (1)
1824803,63781144693561,None,Cube (1),Cube (1)
1824811,63781144693573,None,Cube (1),Cube (1)
1824828,63781144693583,None,Cube (1),Cube (1)
1824836,63781144693594,None,Cube (1),Cube (1)
1824845,63781144693606,None,Cube (1),Cube (1)
1824861,63781144693617,None,Cube (1),Cube (1)
1824870,63781144693628,None,Cube (1),Cube (1)
1824878,63781144693639,None,Cube (1),Cube (1)
1824895,63781144693650,None,Cube (1),Cube (1)
1824903,63781144693661,None,Cube (1),Cube (1)
1824911,63781144693672,None,Cube (1),Cube (1)
1824928,63781144693684,None,Cube (1),Cube (1)
1824936,63781144693695,None,Cube (1),Cube (1)
1824945,63781144693706,None,Cube (1),Cube (1)
1824961,63781144693717,None,Cube (1),Cube (1)
1824970,63781144693728,None,Cube (1),Cube (1)
1824978,63781144693739,None,Cube (1),Cube (1)
1824995,63781144693750,None,Cube (1),Cube (1)
1825003,63781144693761,None,Cube (1),Cube (1)
1825011,63781144693773,None,Cube (1),Cube (1)
1825028,63781144693784,None,Cube (1),Cube (1)
1825036,63781144693796,None,Cube (1),Cube (1)
1825053,63781144693808,None,Cube (1),None
1825061,63781144693819,None,Cube (1),None
1825070,63781144693830,None,Cube (1),None
1825086,63781144693842,None,Cube (1),None
1825095,63781144693853,Cube (1),Cube (1),Cube (1)
1825103,63781144693864,Cube (1),Cube (1),Cube (1)
1825120,63781144693876,Cube (1),Cube (1),Cube (1)
1825128,63781144693887,Orientation Highlighting Plane,Cube (1),Cube (1)
1825136,63781144693899,Cube (1),Cube (1),Cube (1)
1825153,63781144693909,Cube (1),Cube (1),Cube (1)
1825161,63781144693921,Cube (1),Cube (1),Cube (1)
1825169,63781144693932,Cube (1),Cube (1),Cube (1)
1825186,63781144693943,Cube (1),Cube (1),Cube (1)
1825194,63781144693954,Cube (1),Cube (1),Cube (1)
1825203,63781144693965,Cube (1),Cube (1),Cube (1)
1825219,63781144693976,Cube (1),99_Bahnsteig_PF,Cube (1)
1825228,63781144693987,Cube (1),Cube (1),Cube (1)
1825236,63781144693998,Cube (1),99_Bahnsteig_PF,Cube (1)
1825253,63781144694010,Cube (1),99_Bahnsteig_PF,Cube (1)
1825261,63781144694021,Cube (1),99_Bahnsteig_PF,Cube (1)
1825269,63781144694032,Cube (1),99_Bahnsteig_PF,Cube (1)
1825286,63781144694043,Cube (1),99_Bahnsteig_PF,Cube (1)
1825294,63781144694054,Cube (1),99_Bahnsteig_PF,Cube (1)
1825303,63781144694065,Cube (1),99_Bahnsteig_PF,Cube (1)
1825319,63781144694076,Cube (1),99_Bahnsteig_PF,Cube (1)
1825328,63781144694087,Cube (1),99_Bahnsteig_PF,Cube (1)
1825336,63781144694098,Cube (1),Cube (1),Cube (1)
1825353,63781144694109,None,None,None
1825361,63781144694120,None,None,None
1825369,63781144694131,None,None,None
1825386,63781144694142,None,None,None
1825394,63781144694154,None,None,None
1825403,63781144694165,None,None,None
1825419,63781144694175,None,None,None
1825428,63781144694187,None,None,None
1825436,63781144694198,None,None,None
1825453,63781144694209,None,None,None
1825461,63781144694220,None,None,None
1825469,63781144694231,None,None,None
1825486,63781144694243,None,None,None
1825494,63781144694253,None,None,None
1825503,63781144694264,None,None,None
1825519,63781144694276,None,None,None
1825528,63781144694287,None,None,None
1825536,63781144694297,None,None,None
1825553,63781144694309,None,None,None
1825561,63781144694320,None,None,None
1825569,63781144694332,None,None,None
1825586,63781144694342,None,None,None
1825594,63781144694353,None,None,None
1825603,63781144694364,None,None,None
1825619,63781144694375,None,None,None
1825628,63781144694386,None,None,None
1825636,63781144694398,None,None,None
1825653,63781144694409,None,None,None
1825661,63781144694420,None,None,None
1825669,63781144694432,None,None,None
1825686,63781144694443,None,None,None
1825694,63781144694453,None,None,None
1825703,63781144694464,None,None,None
1825719,63781144694475,None,None,None
1825728,63781144694486,None,None,None
1825736,63781144694498,None,None,None
1825753,63781144694508,None,None,None
1825761,63781144694520,None,None,None
1825769,63781144694531,None,None,None
1825786,63781144694542,None,None,None
1825794,63781144694553,None,None,None
1825803,63781144694564,None,None,None
1825811,63781144694575,None,None,None
1825828,63781144694586,None,None,None
1825836,63781144694597,None,None,None
1825853,63781144694608,None,None,None
1825861,63781144694619,None,None,None
1825869,63781144694631,None,None,None
1825886,63781144694642,None,None,None
1825894,63781144694653,None,None,None
1825903,63781144694664,None,None,None
1825919,63781144694675,None,None,None
1825928,63781144694686,None,None,None
1825936,63781144694697,None,None,None
1825944,63781144694708,None,None,None
1825961,63781144694719,None,None,None
1825969,63781144694730,None,None,None
1825986,63781144694741,None,None,None
1825994,63781144694752,None,None,None
1826003,63781144694763,None,None,None
1826019,63781144694775,None,None,None
1826028,63781144694786,None,None,None
1826036,63781144694797,None,None,None
1826053,63781144694808,None,None,None
1826061,63781144694820,None,None,None
1826069,63781144694831,None,None,None
1826086,63781144694843,None,None,None
1826094,63781144694853,None,None,None
1826103,63781144694864,None,None,None
1826119,63781144694875,None,None,None
1826128,63781144694886,None,None,None
1826136,63781144694897,None,None,None
1826153,63781144694908,None,None,None
1826161,63781144694919,None,None,None
1826169,63781144694930,None,None,None
1826186,63781144694943,None,None,None
1826194,63781144694953,None,None,None
1826203,63781144694964,None,None,None
1826219,63781144694975,None,None,None
1826228,63781144694986,None,None,None
1826236,63781144694997,None,None,None
1826253,63781144695008,None,None,None
1826261,63781144695020,None,None,None
1826269,63781144695031,None,None,None
1826286,63781144695042,None,None,None
1826294,63781144695053,None,None,None
1826303,63781144695064,None,None,None
1826319,63781144695075,None,None,None
1826328,63781144695086,None,None,None
1826336,63781144695098,None,None,None
1826353,63781144695108,None,None,None
1826361,63781144695119,None,None,None
1826369,63781144695130,None,None,None
1826386,63781144695142,None,None,None
1826394,63781144695153,None,None,None
1826403,63781144695164,None,None,None
1826419,63781144695175,None,None,None
1826428,63781144695186,None,None,None
1826436,63781144695197,None,None,None
1826453,63781144695208,None,None,None
1826461,63781144695220,None,None,None
1826469,63781144695231,None,None,None
1826486,63781144695242,None,None,None
1826494,63781144695254,None,None,None
1826503,63781144695264,None,None,None
1826519,63781144695275,None,None,None
1826528,63781144695286,None,None,None
1826536,63781144695297,None,None,None
1826553,63781144695308,None,None,None
1826561,63781144695319,None,None,None
1826569,63781144695331,None,None,None
1826586,63781144695342,None,None,None
1826594,63781144695352,None,None,None
1826603,63781144695363,None,None,None
1826619,63781144695375,None,None,None
1826628,63781144695386,None,None,None
1826636,63781144695397,None,None,None
1826653,63781144695409,None,None,None
1826661,63781144695420,None,None,None
1826669,63781144695430,None,None,None
1826686,63781144695442,None,None,None
1826694,63781144695453,None,None,None
1826703,63781144695463,None,None,None
1826719,63781144695475,None,None,None
1826728,63781144695486,None,None,None
1826736,63781144695497,None,None,None
1826753,63781144695508,None,None,None
1826761,63781144695519,None,None,None
1826769,63781144695531,None,None,None
1826786,63781144695542,None,None,None
1826794,63781144695553,None,None,None
1826803,63781144695564,None,None,None
1826819,63781144695575,None,None,None
1826828,63781144695586,None,None,None
1826836,63781144695598,None,None,None
1826853,63781144695608,None,None,None
1826861,63781144695619,None,None,None
1826869,63781144695630,None,None,None
1826886,63781144695641,None,None,None
1826894,63781144695653,None,None,None
1826903,63781144695663,None,None,None
1826919,63781144695674,None,None,None
1826928,63781144695686,None,None,None
1826936,63781144695697,None,None,None
1826953,63781144695708,None,None,None
1826961,63781144695719,None,None,None
1826969,63781144695730,None,None,None
1826986,63781144695742,None,None,None
1826994,63781144695753,None,None,None
1827003,63781144695764,None,None,None
1827019,63781144695775,None,None,None
1827028,63781144695786,None,None,None
1827036,63781144695797,None,None,None
1827053,63781144695808,None,None,None
1827061,63781144695819,None,None,None
1827069,63781144695831,None,None,None
1827086,63781144695841,None,None,None
1827094,63781144695853,None,None,None
1827103,63781144695863,None,None,None
1827119,63781144695876,None,None,None
1827128,63781144695886,None,None,None
1827136,63781144695897,None,None,None
1827152,63781144695908,None,None,None
1827161,63781144695919,None,None,None
1827169,63781144695931,None,None,None
1827186,63781144695942,None,None,None
1827194,63781144695953,None,None,None
1827202,63781144695964,None,None,None
1827219,63781144695975,None,None,None
1827227,63781144695986,None,None,None
1827236,63781144695997,None,None,None
1827252,63781144696008,None,None,None
1827261,63781144696019,None,None,None
1827269,63781144696031,None,None,None
1827286,63781144696041,None,None,None
1827294,63781144696053,None,None,None
1827302,63781144696064,None,None,None
1827319,63781144696074,None,None,None
1827327,63781144696086,None,None,None
1827336,63781144696097,None,None,None
1827352,63781144696108,None,None,None
1827361,63781144696119,None,None,None
1827369,63781144696130,None,None,None
1827386,63781144696141,None,None,None
1827394,63781144696153,None,None,None
1827402,63781144696164,None,None,None
1827419,63781144696174,None,None,None
1827427,63781144696186,None,None,None
1827436,63781144696197,None,None,None
1827452,63781144696208,None,None,None
1827461,63781144696220,None,None,None
1827469,63781144696230,None,None,None
1827486,63781144696242,None,None,None
1827494,63781144696252,None,None,None
1827502,63781144696264,None,None,None
1827519,63781144696274,None,None,None
1827527,63781144696286,None,None,None
1827536,63781144696297,None,None,None
1827552,63781144696307,None,None,None
1827561,63781144696319,None,None,None
1827569,63781144696330,None,None,None
1827586,63781144696341,None,None,None
1827594,63781144696352,None,None,None
1827602,63781144696363,None,None,None
1827619,63781144696374,None,None,None
1827627,63781144696385,None,None,None
1827636,63781144696396,None,None,None
1827652,63781144696407,Cube (1),Cube (1),Cube (1)
1827661,63781144696418,Cube (1),99_Bahnsteig_PF,Cube (1)
1827669,63781144696430,Cube (1),Cube (1),Cube (1)
1827686,63781144696441,Cube (1),99_Bahnsteig_PF,Cube (1)
1827694,63781144696452,Cube (1),99_Bahnsteig_PF,Cube (1)
1827702,63781144696463,Cube (1),99_Bahnsteig_PF,Cube (1)
1827719,63781144696474,Cube (1),99_Bahnsteig_PF,Cube (1)
1827727,63781144696485,Cube (1),99_Bahnsteig_PF,Cube (1)
1827736,63781144696497,Cube (1),99_Bahnsteig_PF,Cube (1)
1827752,63781144696507,Cube (1),99_Bahnsteig_PF,Cube (1)
1827761,63781144696519,Cube (1),99_Bahnsteig_PF,Cube (1)
1827769,63781144696529,Cube (1),99_Bahnsteig_PF,Cube (1)
1827786,63781144696541,Cube (1),99_Bahnsteig_PF,Cube (1)
1827794,63781144696552,Cube (1),99_Bahnsteig_PF,Cube (1)
1827802,63781144696564,Cube (1),99_Bahnsteig_PF,Cube (1)
1827819,63781144696574,Cube (1),99_Bahnsteig_PF,Cube (1)
1827827,63781144696586,Cube (1),99_Bahnsteig_PF,Cube (1)
1827836,63781144696596,Cube (1),99_Bahnsteig_PF,Cube (1)
1827852,63781144696607,Cube (1),99_Bahnsteig_PF,Cube (1)
1827861,63781144696618,Cube (1),99_Bahnsteig_PF,Cube (1)
1827869,63781144696630,Cube (1),99_Bahnsteig_PF,Cube (1)
1827886,63781144696641,Cube (1),99_Bahnsteig_PF,Cube (1)
1827894,63781144696653,Cube (1),99_Bahnsteig_PF,Cube (1)
1827902,63781144696663,Cube (1),99_Bahnsteig_PF,Cube (1)
1827919,63781144696675,Cube (1),99_Bahnsteig_PF,Cube (1)
1827927,63781144696686,Cube (1),99_Bahnsteig_PF,Cube (1)
1827936,63781144696697,Cube (1),99_Bahnsteig_PF,Cube (1)
1827952,63781144696708,Cube (1),99_Bahnsteig_PF,Cube (1)
1827961,63781144696719,Cube (1),99_Bahnsteig_PF,Cube (1)
1827969,63781144696730,Cube (1),99_Bahnsteig_PF,Cube (1)
1827986,63781144696742,Cube (1),99_Bahnsteig_PF,Cube (1)
1827994,63781144696753,Cube (1),99_Bahnsteig_PF,Cube (1)
1828002,63781144696764,Cube (1),99_Bahnsteig_PF,Cube (1)
1828019,63781144696774,None,None,None
1828027,63781144696785,None,None,None
1828036,63781144696796,None,None,None
1828052,63781144696808,None,None,None
1828061,63781144696818,None,None,None
1828069,63781144696830,None,None,None
1828094,63781144696852,None,None,None
1828102,63781144696859,None,None,None
1828111,63781144696866,None,None,None
1828119,63781144696874,None,None,None
1828119,63781144696881,None,None,None
1828136,63781144696892,None,None,None
1828144,63781144696904,None,None,None
1828161,63781144696915,None,None,None
1828169,63781144696926,None,None,None
1828177,63781144696937,None,None,None
1828194,63781144696948,None,None,None
1828202,63781144696960,None,None,None
1828211,63781144696971,None,None,None
1828227,63781144696983,None,None,None
1828236,63781144696993,None,None,None
1828244,63781144697005,None,None,None
1828261,63781144697016,None,None,None
1828269,63781144697027,None,None,None
1828277,63781144697038,None,None,None
1828294,63781144697049,None,None,None
1828302,63781144697060,None,None,None
1828311,63781144697071,None,None,None
1828327,63781144697083,None,None,None
1828336,63781144697093,None,None,None
1828344,63781144697104,None,None,None
1828361,63781144697116,None,None,None
1828369,63781144697126,None,None,None
1828377,63781144697138,None,None,None
1828394,63781144697149,None,None,None
1828402,63781144697160,None,None,None
1828411,63781144697171,None,None,None
1828419,63781144697182,None,None,None
1828436,63781144697193,None,None,None
1828444,63781144697204,None,None,None
1828452,63781144697216,None,None,None
1828469,63781144697227,None,None,None
1828477,63781144697238,None,None,None
1828494,63781144697250,None,None,None
1828502,63781144697260,None,None,None
1828511,63781144697271,None,None,None
1828519,63781144697282,None,None,None
1828536,63781144697293,None,None,None
1828544,63781144697304,None,None,None
1828552,63781144697315,None,None,None
1828569,63781144697326,None,None,None
1828577,63781144697337,None,None,None
1828585,63781144697349,None,None,None
1828602,63781144697360,None,None,None
1828610,63781144697372,None,None,None
1828627,63781144697383,None,None,None
1828635,63781144697395,None,None,None
1828644,63781144697406,None,None,None
1828660,63781144697418,None,None,None
1828669,63781144697429,None,None,None
1828685,63781144697441,None,None,None
1828694,63781144697452,None,None,None
1828702,63781144697463,None,None,None
1828719,63781144697475,None,None,None
1828727,63781144697485,None,None,None
1828735,63781144697496,None,None,None
1828744,63781144697507,None,None,None
1828760,63781144697518,None,None,None
1828769,63781144697530,None,None,None
1828777,63781144697541,None,None,None
1828794,63781144697552,None,None,None
1828802,63781144697563,None,None,None
1828819,63781144697574,None,None,None
1828827,63781144697585,None,None,None
1828835,63781144697597,None,None,None
1828852,63781144697608,None,None,None
1828860,63781144697619,None,None,None
1828869,63781144697630,None,None,None
1828885,63781144697641,None,None,None
1828894,63781144697652,None,None,None
1828902,63781144697664,None,None,None
1828919,63781144697675,None,None,None
1828927,63781144697686,None,None,None
1828935,63781144697697,None,None,None
1828952,63781144697708,None,None,None
1828960,63781144697719,None,None,None
1828969,63781144697732,None,None,None
1828985,63781144697742,None,None,None
1828994,63781144697752,None,None,None
1829002,63781144697762,None,None,None
1829010,63781144697774,None,None,None
1829027,63781144697785,None,None,None
1829035,63781144697796,None,None,None
1829044,63781144697807,None,None,None
1829060,63781144697818,None,None,None
1829069,63781144697829,None,None,None
1829085,63781144697841,None,None,None
1829094,63781144697852,None,None,None
1829102,63781144697863,None,None,None
1829110,63781144697874,None,None,None
1829127,63781144697885,None,None,None
1829135,63781144697896,None,None,None
1829152,63781144697908,None,None,None
1829160,63781144697918,None,None,None
1829169,63781144697930,None,None,None
1829185,63781144697941,None,None,None
1829194,63781144697952,None,None,None
1829202,63781144697962,None,None,None
1829210,63781144697973,None,None,None
1829227,63781144697985,None,None,None
1829235,63781144697996,None,None,None
1829252,63781144698007,None,None,None
1829260,63781144698018,None,None,None
1829269,63781144698029,None,None,None
1829285,63781144698041,None,None,None
1829294,63781144698052,None,None,None
1829302,63781144698062,None,None,None
1829310,63781144698073,None,None,None
1829327,63781144698085,None,None,None
1829335,63781144698096,None,None,None
1829344,63781144698107,None,None,None
1829360,63781144698119,None,None,None
1829369,63781144698129,None,None,None
1829377,63781144698141,None,None,None
1829394,63781144698152,None,None,None
1829402,63781144698163,None,None,None
1829419,63781144698174,None,None,None
1829427,63781144698185,None,None,None
1829435,63781144698196,None,None,None
1829452,63781144698208,None,None,None
1829460,63781144698219,None,None,None
1829469,63781144698230,None,None,None
1829477,63781144698240,None,None,None
1829494,63781144698252,None,None,None
1829502,63781144698263,None,None,None
1829519,63781144698274,None,None,None
1829527,63781144698286,None,None,None
1829535,63781144698297,None,None,None
1829552,63781144698308,None,None,None
1829560,63781144698320,None,None,None
1829569,63781144698330,None,None,None
1829585,63781144698342,None,99_Bahnsteig_PF,99_Bahnsteig_PF
1829594,63781144698352,None,None,None
1829602,63781144698364,None,99_Bahnsteig_PF,99_Bahnsteig_PF
1829619,63781144698375,None,None,None
1829627,63781144698385,None,None,None
1829635,63781144698397,None,None,None
1829652,63781144698408,None,None,None
1829660,63781144698419,None,None,None
1829669,63781144698429,None,None,None
1829685,63781144698441,None,None,None
1829694,63781144698453,None,None,None
1829702,63781144698463,None,None,None
1829719,63781144698474,None,None,None
1829727,63781144698485,None,None,None
1829735,63781144698496,None,None,None
1829752,63781144698507,None,None,None
1829760,63781144698519,None,None,None
1829769,63781144698529,None,None,None
1829785,63781144698541,None,None,None
1829794,63781144698552,None,None,None
1829802,63781144698563,None,None,None
1829819,63781144698574,4_GroßeTreppe_RailingCover,Cube (1),Cube (1)
1829827,63781144698585,Cube (1),Cube (1),Cube (1)
1829835,63781144698597,Cube (1),Cube (1),Cube (1)
1829852,63781144698607,4_GroßeTreppe_Handrails,Cube (1),Cube (1)
1829860,63781144698619,Cube (1),Cube (1),Cube (1)
1829869,63781144698631,4_GroßeTreppe_RailingCover,Cube (1),Cube (1)
1829885,63781144698641,4_GroßeTreppe_RailingCover,Cube (1),Cube (1)
1829894,63781144698652,None,Cube (1),Cube (1)
1829902,63781144698663,None,Cube (1),Cube (1)
1829919,63781144698674,None,Cube (1),Cube (1)
1829927,63781144698685,Ecke,Cube (1),Cube (1)
1829935,63781144698696,None,Cube (1),Cube (1)
1829952,63781144698707,Orientation Highlighting Plane,Cube (1),Cube (1)
1829960,63781144698718,Cube (1),Cube (1),Cube (1)
1829969,63781144698729,Cube (1),Cube (1),Cube (1)
1829985,63781144698741,Cube (1),Cube (1),Cube (1)
1829994,63781144698752,Cube (1),Cube (1),Cube (1)
1830002,63781144698763,Cube (1),Cube (1),Cube (1)
1830019,63781144698775,Cube (1),Cube (1),Cube (1)
1830027,63781144698786,Cube (1),Cube (1),Cube (1)
1830035,63781144698797,Cube (1),Cube (1),Cube (1)
1830052,63781144698807,Cube (1),Cube (1),Cube (1)
1830060,63781144698819,Cube (1),Cube (1),Cube (1)
1830069,63781144698830,Cube (1),Cube (1),Cube (1)
1830085,63781144698841,Cube (1),Cube (1),Cube (1)
1830094,63781144698852,Cube (1),Cube (1),Cube (1)
1830102,63781144698863,Cube (1),Cube (1),Cube (1)
1830119,63781144698874,Cube (1),Cube (1),Cube (1)
1830127,63781144698885,Cube (1),Cube (1),Cube (1)
1830135,63781144698896,Cube (1),Cube (1),Cube (1)
1830152,63781144698908,Cube (1),Cube (1),Cube (1)
1830160,63781144698919,Cube (1),Cube (1),Cube (1)
1830169,63781144698930,Cube (1),Cube (1),Cube (1)
1830185,63781144698941,Cube (1),Cube (1),Cube (1)
1830194,63781144698952,Cube (1),Cube (1),Cube (1)
1830202,63781144698963,Cube (1),Cube (1),Cube (1)
1830218,63781144698975,Cube (1),Cube (1),Cube (1)
1830227,63781144698986,Cube (1),Cube (1),Cube (1)
1830235,63781144698997,Cube (1),Cube (1),Cube (1)
1830252,63781144699008,Cube (1),Cube (1),Cube (1)
1830260,63781144699018,Cube (1),Cube (1),Cube (1)
1830268,63781144699030,Cube (1),Cube (1),Cube (1)
1830285,63781144699041,Cube (1),Cube (1),Cube (1)
1830293,63781144699052,Cube (1),Cube (1),Cube (1)
1830302,63781144699063,Cube (1),Cube (1),Cube (1)
1830318,63781144699074,Cube (1),Cube (1),Cube (1)
1830327,63781144699085,Cube (1),Cube (1),Cube (1)
1830335,63781144699096,Cube (1),Cube (1),Cube (1)
1830352,63781144699107,Cube (1),Cube (1),Cube (1)
1830360,63781144699119,Cube (1),Cube (1),Cube (1)
1830368,63781144699130,Cube (1),Cube (1),Cube (1)
1830385,63781144699141,None,None,None
1830393,63781144699152,None,None,None
1830402,63781144699163,None,None,None
1830418,63781144699174,None,None,None
1830427,63781144699185,None,None,None
1830435,63781144699196,None,None,None
1830452,63781144699207,None,None,None
1830460,63781144699218,None,None,None
1830468,63781144699229,None,None,None
1830485,63781144699241,None,None,None
1830493,63781144699251,None,None,None
1830502,63781144699263,None,None,None
1830518,63781144699273,None,None,None
1830527,63781144699285,None,None,None
1830535,63781144699297,None,None,None
1830552,63781144699307,None,None,None
1830560,63781144699319,None,None,None
1830568,63781144699330,None,None,None
1830585,63781144699340,None,None,None
1830593,63781144699352,None,None,None
1830602,63781144699363,None,None,None
1830618,63781144699374,None,None,None
1830627,63781144699385,None,None,None
1830635,63781144699396,None,None,None
1830652,63781144699407,None,None,None
1830660,63781144699418,None,None,None
1830668,63781144699429,None,None,None
1830685,63781144699441,None,None,None
1830693,63781144699451,None,None,None
1830702,63781144699463,None,None,None
1830718,63781144699474,None,None,None
1830727,63781144699485,None,None,None
1830735,63781144699496,None,None,None
1830752,63781144699507,None,None,None
1830760,63781144699518,None,None,None
1830768,63781144699530,None,None,None
1830785,63781144699540,None,None,None
1830793,63781144699552,None,None,None
1830802,63781144699562,None,None,None
1830818,63781144699573,None,None,None
1830827,63781144699585,None,None,None
1830835,63781144699596,None,None,None
1830852,63781144699607,None,None,None
1830860,63781144699618,None,None,None
1830868,63781144699629,None,None,None
1830885,63781144699640,None,None,None
1830893,63781144699652,None,None,None
1830902,63781144699663,None,None,None
1830918,63781144699674,None,None,None
1830927,63781144699685,None,None,None
1830935,63781144699695,None,None,None
1830952,63781144699707,None,None,None
1830960,63781144699718,None,None,None
1830968,63781144699729,None,None,None
1830985,63781144699740,None,None,None
1830993,63781144699752,None,None,None
1831002,63781144699762,None,None,None
1831018,63781144699774,None,None,None
1831027,63781144699785,None,None,None
1831035,63781144699796,None,None,None
1831043,63781144699806,None,None,None
1831060,63781144699818,None,None,None
1831068,63781144699828,None,None,None
1831085,63781144699840,None,None,None
1831093,63781144699851,None,None,None
1831102,63781144699863,None,None,None
1831118,63781144699873,None,None,None
1831127,63781144699884,None,None,None
1831135,63781144699896,None,None,None
1831152,63781144699907,None,None,None
1831160,63781144699918,None,None,None
1831168,63781144699929,None,None,None
1831177,63781144699940,None,None,None
1831193,63781144699951,None,None,None
1831202,63781144699962,None,None,None
1831210,63781144699973,None,None,None
1831227,63781144699984,None,None,None
1831235,63781144699995,None,None,None
1831252,63781144700007,None,None,None
1831260,63781144700018,None,None,None
1831268,63781144700028,None,None,None
1831277,63781144700040,None,None,None
1831293,63781144700051,None,None,None
1831302,63781144700062,None,None,None
1831318,63781144700074,None,None,None
1831327,63781144700084,None,None,None
1831335,63781144700096,None,None,None
1831343,63781144700106,None,None,None
1831360,63781144700117,None,None,None
1831368,63781144700128,None,None,None
1831377,63781144700139,None,None,None
1831393,63781144700150,None,None,None
1831402,63781144700162,None,None,None
1831418,63781144700173,None,None,None
1831427,63781144700184,None,None,None
1831435,63781144700195,None,None,None
1831443,63781144700206,None,None,None
1831460,63781144700218,None,None,None
1831468,63781144700229,None,None,None
1831485,63781144700240,None,None,None
1831493,63781144700251,None,None,None
1831502,63781144700262,None,None,None
1831510,63781144700273,None,None,None
1831527,63781144700284,None,None,None
1831535,63781144700296,None,None,None
1831552,63781144700306,None,None,None
1831560,63781144700318,None,None,None
1831568,63781144700328,None,None,None
1831585,63781144700340,None,None,None
1831593,63781144700352,None,None,None
1831602,63781144700362,None,None,None
1831618,63781144700373,None,None,None
1831627,63781144700384,None,None,None
1831635,63781144700395,None,None,None
1831643,63781144700406,None,None,None
1831660,63781144700417,None,None,None
1831668,63781144700428,None,None,None
1831676,63781144700439,None,None,None
1831693,63781144700450,None,None,None
1831701,63781144700461,None,None,None
1831710,63781144700472,None,None,None
1831726,63781144700484,None,None,None
1831735,63781144700495,None,None,None
1831743,63781144700506,None,None,None
1831768,63781144700528,None,None,None
1831776,63781144700535,None,None,None
1831785,63781144700542,None,None,None
1831785,63781144700547,None,None,None
1831801,63781144700557,None,None,None
1831810,63781144700569,None,None,None
1831818,63781144700580,None,None,None
1831835,63781144700591,None,None,None
1831843,63781144700603,None,None,None
1831851,63781144700613,None,None,None
1831868,63781144700624,None,None,None
1831876,63781144700635,None,None,None
1831885,63781144700646,None,None,None
1831901,63781144700657,None,None,None
1831910,63781144700668,None,None,None
1831918,63781144700680,None,None,None
1831935,63781144700692,None,None,None
1831943,63781144700702,None,None,None
1831951,63781144700713,None,None,None
1831968,63781144700724,None,None,None
1831976,63781144700736,None,None,None
1831985,63781144700746,None,None,None
1832001,63781144700758,None,None,None
1832010,63781144700768,None,None,None
1832018,63781144700780,None,None,None
1832035,63781144700791,None,None,None
1832043,63781144700802,None,None,None
1832051,63781144700813,None,None,None
1832068,63781144700824,None,None,None
1832076,63781144700835,None,None,None
1832085,63781144700847,None,None,None
1832101,63781144700857,None,None,None
1832110,63781144700869,None,None,None
1832118,63781144700880,None,None,None
1832135,63781144700891,None,None,None
1832143,63781144700902,None,None,None
1832151,63781144700913,None,None,None
1832168,63781144700924,None,None,None
1832176,63781144700936,None,None,None
1832185,63781144700946,None,None,None
1832201,63781144700957,None,None,None
1832210,63781144700968,None,None,None
1832218,63781144700979,None,None,None
1832235,63781144700991,None,None,None
1832243,63781144701002,None,None,None
1832251,63781144701013,None,None,None
1832268,63781144701024,None,None,None
1832276,63781144701037,None,None,None
1832293,63781144701048,None,None,None
1832301,63781144701059,None,None,None
1832310,63781144701070,None,None,None
1832326,63781144701082,None,None,None
1832335,63781144701093,None,None,None
1832343,63781144701105,None,None,None
1832360,63781144701116,None,None,None
1832368,63781144701127,None,None,None
1832376,63781144701139,None,None,None
1832393,63781144701150,None,None,None
1832401,63781144701161,None,None,None
1832410,63781144701172,None,None,None
1832426,63781144701183,None,None,None
1832435,63781144701194,None,None,None
1832443,63781144701205,None,None,None
1832460,63781144701216,None,None,None
1832468,63781144701228,None,None,None
1832485,63781144701239,None,None,None
1832493,63781144701250,None,None,None
1832501,63781144701261,None,None,None
1832510,63781144701272,None,None,None
1832526,63781144701283,None,None,None
1832535,63781144701294,None,None,None
1832543,63781144701305,None,None,None
1832560,63781144701316,None,None,None
1832568,63781144701327,None,None,None
1832576,63781144701338,None,None,None
1832593,63781144701349,None,None,None
1832601,63781144701360,None,None,None
1832610,63781144701371,None,None,None
1832626,63781144701383,None,None,None
1832635,63781144701394,None,None,None
1832643,63781144701405,None,None,None
1832660,63781144701417,None,None,None
1832668,63781144701428,None,None,None
1832676,63781144701439,None,None,None
1832693,63781144701450,None,None,None
1832701,63781144701461,None,None,None
1832709,63781144701472,None,None,None
1832726,63781144701483,None,None,None
1832734,63781144701494,None,None,None
1832743,63781144701505,None,None,None
1832759,63781144701516,None,None,None
1832768,63781144701528,None,None,None
1832776,63781144701539,None,None,None
1832793,63781144701550,None,None,None
1832801,63781144701561,None,None,None
1832810,63781144701572,None,None,None
1832826,63781144701584,None,None,None
1832835,63781144701594,None,None,None
1832843,63781144701606,None,None,None
1832860,63781144701617,None,None,None
1832868,63781144701628,None,None,None
1832876,63781144701639,None,None,None
1832893,63781144701651,None,None,None
1832901,63781144701662,None,None,None
1832910,63781144701673,None,None,None
1832926,63781144701684,None,None,None
1832935,63781144701695,None,None,None
1832943,63781144701706,None,None,None
1832960,63781144701717,None,None,None
1832968,63781144701729,None,None,None
1832976,63781144701739,None,None,None
1832993,63781144701751,None,None,None
1833001,63781144701762,None,None,None
1833010,63781144701773,None,None,None
1833026,63781144701784,None,None,None
1833035,63781144701795,None,None,None
1833043,63781144701806,None,None,None
1833059,63781144701817,None,None,None
1833068,63781144701828,None,None,None
1833076,63781144701840,None,None,None
1833093,63781144701850,None,None,None
1833101,63781144701861,None,None,None
1833109,63781144701873,None,None,None
1833126,63781144701884,None,None,None
1833134,63781144701895,None,None,None
1833143,63781144701906,None,None,None
1833159,63781144701917,None,None,None
1833168,63781144701928,None,None,None
1833176,63781144701939,None,None,None
1833193,63781144701950,None,None,None
1833201,63781144701961,None,None,None
1833209,63781144701973,None,None,None
1833226,63781144701984,None,None,None
1833234,63781144701995,None,None,None
1833243,63781144702006,None,None,None
1833259,63781144702017,None,None,None
1833268,63781144702028,None,None,None
1833276,63781144702039,None,None,None
1833293,63781144702050,None,None,None
1833301,63781144702061,None,None,None
1833318,63781144702073,None,None,None
1833326,63781144702083,None,None,None
1833334,63781144702095,None,None,None
1833343,63781144702106,None,None,None
1833359,63781144702117,None,None,None
1833368,63781144702128,None,None,None
1833376,63781144702140,None,None,None
1833393,63781144702150,None,None,None
1833401,63781144702161,None,None,None
1833409,63781144702172,None,None,None
1833426,63781144702184,None,None,None
1833434,63781144702195,None,None,None
1833443,63781144702206,None,None,None
1833459,63781144702217,None,None,None
1833468,63781144702228,None,None,None
1833476,63781144702239,None,None,None
1833493,63781144702251,None,None,None
1833501,63781144702261,None,None,None
1833509,63781144702272,None,None,None
